34.74456851	-0.0005528285574
34.75456851	-0.0006471795299
34.76456851	-0.0006876111251
34.77456851	-0.0006706814492
34.78456851	-0.0005977350096
34.79456851	-0.000474788436
34.80456851	-0.0003120270251
34.81456851	-0.0001229548416
34.82456851	7.67301906e-05
34.83456851	0.0002704421208
34.84456851	0.0004420848891
34.85456851	0.0005773878261
34.86456851	0.0006650880848
34.87456851	0.0006978623631
34.88456851	0.0006729313152
34.89456851	0.0005922873532
34.90456851	0.0004625278087
34.91456851	0.0002943080674
34.92456851	0.0001014606064
34.93456851	-0.0001001467345
34.94456851	-0.0002939186464
34.95456851	-0.0004638984175
34.96456851	-0.0005960797139
34.97456851	-0.0006795564126
34.98456851	-0.0007074164389
34.99456851	-0.0006773068403
35.00456851	-0.0005916244921
35.01456851	-0.0004573176211
35.02456851	-0.0002853152229
35.03456851	-8.963181912e-05
35.04456851	0.0001137786247
35.05456851	0.0003083255465
35.06456851	0.000478134827
35.07456851	0.0006093416781
35.08456851	0.0006912182663
35.09456851	0.0007170447156
35.10456851	0.0006846532676
35.11456851	0.0005966021247
35.12456851	0.0004599656808
35.13456851	0.0002857589777
35.14456851	8.804379843e-05
35.15456851	-0.0001172105753
35.16456851	-0.0003134192982
35.17456851	-0.0004847218937
35.18456851	-0.0006172619322
35.19456851	-0.0007003033952
35.20456851	-0.0007270941377
35.21456851	-0.000695407495
35.22456851	-0.0006077191833
35.23456851	-0.000471006081
35.24456851	-0.0002961838837
35.25456851	-9.722954527e-05
35.26456851	0.0001099404562
35.27456851	0.0003087456542
35.28456851	0.0004832685265
35.29456851	0.0006195266303
35.30456851	0.0007065884478
35.31456851	0.0007374442423
35.32456851	0.0007095630307
35.33456851	0.0006250920043
35.34456851	0.0004906833242
35.35456851	0.0003169629007
35.36456851	0.0001176841702
35.37456851	-9.136524323e-05
35.38456851	-0.0002936167047
35.39456851	-0.0004730339124
35.40456851	-0.0006153822845
35.41456851	-0.0007093540696
35.42456851	-0.000747460581
35.43456851	-0.0007266216226
35.44456851	-0.0006484062901
35.45456851	-0.0005189069556
35.46456851	-0.0003482571945
35.47456851	-0.0001498324
35.48456851	6.080334656e-05
35.49456851	0.0002671208479
35.50456851	0.0004529233919
35.51456851	0.0006036164693
35.52456851	0.0007073502052
35.53456851	0.0007559453794
35.54456851	0.0007455311193
35.55456851	0.0006768451083
35.56456851	0.0005551736522
35.57456851	0.0003899371079
35.58456851	0.0001939537967
35.59456851	-1.755955332e-05
35.60456851	-0.0002281724825
35.61456851	-0.000421518107
35.62456851	-0.0005825636773
35.63456851	-0.0006987758512
35.64456851	-0.000761090623
35.65456851	-0.0007646132667
35.66456851	-0.000708994779
35.67456851	-0.0005984564842
35.68456851	-0.0004414617247
35.69456851	-0.0002500607908
35.70456851	-3.896034407e-05
35.71456851	0.0001756103619
35.72456851	0.00037714876
35.73456851	0.0005501474544
35.74456851	0.0006812844581
35.75456851	0.0007604440511
35.76456851	0.0007814904111
35.77456851	0.0007427353576
35.78456851	0.0006470651471
35.79456851	0.0005017174374
35.80456851	0.0003177262845
35.81456851	0.0001090783068
35.82456851	-0.0001083549727
35.83456851	-0.000318026763
35.84456851	-0.0005039742489
35.85456851	-0.0006520315997
35.86456851	-0.0007509047366
35.87456851	-0.0007930266437
35.88456851	-0.0007751289151
35.89456851	-0.0006984869379
35.90456851	-0.0005688209454
35.91456851	-0.0003958612504
35.92456851	-0.0001926113004
35.93456851	2.563511174e-05
35.94456851	0.0002424478106
35.95456851	0.0004414980573
35.96456851	0.0006077868967
35.97456851	0.0007287717279
35.98456851	0.0007953067502
35.99456851	0.0008023271825
36.00456851	0.0007492266014
36.01456851	0.000639899891
36.02456851	0.0004824494108
36.03456851	0.0002885771659
36.04456851	7.270913414e-05
36.05456851	-0.000149082271
36.06456851	-0.0003602768047
36.07456851	-0.0005451365248
36.08456851	-0.0006898758787
36.09456851	-0.0007836849444
36.10456851	-0.0008195302229
36.11456851	-0.0007946741427
36.12456851	-0.0007108754779
36.13456851	-0.0005742566393
36.14456851	-0.0003948484786
36.15456851	-0.0001858470405
36.16456851	3.736216148e-05
36.17456851	0.0002583398137
36.18456851	0.0004608043575
36.19456851	0.0006298300721
36.20456851	0.000752943633
36.21456851	0.0008210388537
36.22456851	0.0008290429429
36.23456851	0.0007762860606
36.24456851	0.0006665478524
36.25456851	0.0005077783747
36.26456851	0.0003115146316
36.27456851	9.20361001e-05
36.28456851	-0.0001346784895
36.29456851	-0.0003521165825
36.30456851	-0.000544434276
36.31456851	-0.0006976082821
36.32456851	-0.0008004538015
36.33456851	-0.0008454347568
36.34456851	-0.000829208157
36.35456851	-0.0007528638352
36.36456851	-0.0006218429864
36.37456851	-0.0004455422212
36.38456851	-0.0002366325416
36.39456851	-1.014311942e-05
36.40456851	0.0002176234691
36.41456851	0.0004302659923
36.42456851	0.0006124645459
36.43456851	0.0007510809437
36.44456851	0.0008361007125
36.45456851	0.0008613495311
36.46456851	0.000824933361
36.47456851	0.0007293714783
36.48456851	0.0005814136947
36.49456851	0.0003915556471
36.50456851	0.0001732875401
36.51456851	-5.786940008e-05
36.52456851	-0.0002854695739
36.53456851	-0.000493313641
36.54456851	-0.0006665997601
36.55456851	-0.0007929737356
36.56456851	-0.0008634038452
36.57456851	-0.0008728188138
36.58456851	-0.0008204643966
36.59456851	-0.0007099540967
36.60456851	-0.0005490112436
36.61456851	-0.0003489214553
36.62456851	-0.000123734854
36.63456851	0.000110725108
36.64456851	0.0003379759619
36.65456851	0.0005420350241
36.66456851	0.0007085412053
36.67456851	0.0008257612388
36.68456851	0.0008854101325
36.69456851	0.0008832289152
36.70456851	0.0008192799279
36.71456851	0.0006979397955
36.72456851	0.0005275913815
36.73456851	0.0003200370103
36.74456851	8.96745701e-05
36.75456851	-0.0001475055536
36.76456851	-0.0003750325245
36.77456851	-0.0005770985955
36.78456851	-0.0007396547584
36.79456851	-0.0008513827384
36.80456851	-0.0009044764093
36.81456851	-0.0008951791351
36.82456851	-0.0008240405987
36.83456851	-0.0006958761688
36.84456851	-0.0005194324201
36.85456851	-0.0003067826354
36.86456851	-7.249459662e-05
36.87456851	0.0001673715451
36.88456851	0.0003963660928
36.89456851	0.0005987774519
36.90456851	0.0007607073251
36.91456851	0.0008710200602
36.92456851	0.000922101637
36.93456851	0.0009103770193
36.94456851	0.0008365512712
36.95456851	0.000705558786
36.96456851	0.0005262248942
36.97456851	0.0003106636482
36.98456851	7.345340377e-05
36.99456851	-0.0001693532754
37.00456851	-0.0004013178585
37.01456851	-0.0006067283215
37.02456851	-0.0007716605907
37.03456851	-0.0008849174322
37.04456851	-0.000938781808
37.05456851	-0.0009295344662
37.06456851	-0.0008577015976
37.07456851	-0.0007280166744
37.08456851	-0.0005490998424
37.09456851	-0.000332877175
37.10456851	-9.377944195e-05
37.11456851	0.0001522253507
37.12456851	0.0003887004926
37.13456851	0.0005998385201
37.14456851	0.0007715152559
37.15456851	0.000892229822
37.16456851	0.0009538683803
37.17456851	0.0009522413233
37.18456851	0.0008873588883
37.19456851	0.0007634276606
37.20456851	0.0005885690029
37.21456851	0.0003742788539
37.22456851	0.000134665364
37.23456851	-0.0001144846336
37.24456851	-0.0003567482284
37.25456851	-0.0005761490854
37.26456851	-0.0007582087589
37.27456851	-0.0008908976273
37.28456851	-0.0009654232819
37.29456851	-0.0009768051199
37.30456851	-0.00092419811
37.31456851	-0.0008109452729
37.32456851	-0.0006443562396
37.33456851	-0.000435227157
37.34456851	-0.0001971340227
37.35456851	5.445383254e-05
37.36456851	0.0003031818784
37.37456851	0.0005328742286
37.38456851	0.0007285839376
37.39456851	0.0008775616599
37.40456851	0.0009700801459
37.41456851	0.001000061642
37.42456851	0.0009654682206
37.43456851	0.0008684305406
37.44456851	0.0007151075179
37.45456851	0.0005152867481
37.46456851	0.0002817521739
37.47456851	2.946034028e-05
37.48456851	-0.0002254213001
37.49456851	-0.0004665519429
37.50456851	-0.0006784641588
37.51456851	-0.0008475527936
37.52456851	-0.0009629430178
37.53456851	-0.001017182481
37.54456851	-0.001006713976
37.55456851	-0.000932099174
37.56456851	-0.0007979799576
37.57456851	-0.0006127806121
37.58456851	-0.0003881705567
37.59456851	-0.0001383224087
37.60456851	0.0001209870203
37.61456851	0.000373375464
37.62456851	0.000602890287
37.63456851	0.0007950145003
37.64456851	0.0009375804032
37.65456851	0.001021533632
37.66456851	0.001041500041
37.67456851	0.0009961204393
37.68456851	0.0008881328937
37.69456851	0.0007241982414
37.70456851	0.0005144805157
37.71456851	0.000272009273
37.72456851	1.186430135e-05
37.73456851	-0.0002497659052
37.74456851	-0.0004965928864
37.75456851	-0.0007132412186
37.76456851	-0.0008862028422
37.77456851	-0.001004673685
37.78456851	-0.001061221105
37.79456851	-0.001052241381
37.80456851	-0.0009781796164
37.81456851	-0.0008434992429
37.82456851	-0.0006564037922
37.83456851	-0.000428328854
37.84456851	-0.0001732362114
37.85456851	9.324584826e-05
37.86456851	0.0003547827959
37.87456851	0.0005953355154
37.88456851	0.000800141896
37.89456851	0.000956618404
37.90456851	0.001055126832
37.91456851	0.001089559887
37.92456851	0.001057710528
37.93456851	0.0009614032684
37.94456851	0.0008063802437
37.95456851	0.0006019497384
37.96456851	0.0003604192554
37.97456851	9.634814729e-05
37.98456851	-0.0001743344103
37.99456851	-0.0004352923955
38.00456851	-0.000670768517
38.01456851	-0.0008665329405
38.02456851	-0.001010738201
38.03456851	-0.00109462923
38.04456851	-0.001113066363
38.05456851	-0.00106483058
38.06456851	-0.0009526934249
38.07456851	-0.0007832482023
38.08456851	-0.0005665133075
38.09456851	-0.0003153321095
38.10456851	-4.460580237e-05
38.11456851	0.0002295945821
38.12456851	0.0004909838397
38.13456851	0.0007240290018
38.14456851	0.0009148691759
38.15456851	0.00105213453
38.16456851	0.001127616344
38.17456851	0.001136749062
38.18456851	0.001078876562
38.19456851	0.0009572876761
38.20456851	0.0007790196531
38.21456851	0.000554441885
38.22456851	0.0002966450596
38.23456851	2.067217799e-05
38.24456851	-0.0002573630329
38.25456851	-0.0005212184192
38.26456851	-0.0007554712147
38.27456851	-0.0009464161106
38.28456851	-0.001082861479
38.29456851	-0.001156777811
38.30456851	-0.001163761229
38.31456851	-0.001103285832
38.32456851	-0.0009787309902
38.33456851	-0.0007971827688
38.34456851	-0.0005690217434
38.35456851	-0.0003073216989
38.36456851	-2.709450488e-05
38.37456851	0.0002555748651
38.38456851	0.0005244531019
38.39456851	0.0007640898549
38.40456851	0.0009607021696
38.41456851	0.001102961627
38.42456851	0.001182639545
38.43456851	0.001195073912
38.44456851	0.001139432072
38.45456851	0.00101875492
38.46456851	0.0008397808624
38.47456851	0.000612560306
38.48456851	0.000349883267
38.49456851	6.655315928e-05
38.50456851	-0.0002214516415
38.51456851	-0.0004978807255
38.52456851	-0.0007471279323
38.53456851	-0.0009551093534
38.54456851	-0.001110053821
38.55456851	-0.001203161807
38.56456851	-0.001229096254
38.57456851	-0.001186278448
38.58456851	-0.001076973092
38.59456851	-0.0009071585746
38.60456851	-0.0006861904417
38.61456851	-0.0004262775611
38.62456851	-0.0001418007797
38.63456851	0.0001514875131
38.64456851	0.0004373380925
38.65456851	0.0006999051597
38.66456851	0.0009246222728
38.67456851	0.001099005654
38.68456851	0.001213340829
38.69456851	0.001261215205
38.70456851	0.001239867848
38.71456851	0.001150337931
38.72456851	0.0009974044235
38.73456851	0.0007893211153
38.74456851	0.0005373621978
38.75456851	0.0002552039348
38.76456851	-4.182325639e-05
38.77456851	-0.0003375710972
38.78456851	-0.0006159523008
38.79456851	-0.0008618140969
38.80456851	-0.001061759071
38.81456851	-0.001204869059
38.82456851	-0.001283293309
38.83456851	-0.00129266965
38.84456851	-0.001232356582
38.85456851	-0.001105464494
38.86456851	-0.000918685081
38.87456851	-0.000681928884
38.88456851	-0.0004077911033
38.89456851	-0.0001108749339
38.90456851	0.0001929908584
38.91456851	0.0004875979512
38.92456851	0.000757222726
38.93456851	0.000987462698
38.94456851	0.001166000759
38.95456851	0.001283256941
38.96456851	0.001332893588
38.97456851	0.001312147754
38.98456851	0.001221973923
38.99456851	0.001066990252
39.00456851	0.0008552319137
39.01456851	0.0005977252646
39.02456851	0.0003079059025
39.03456851	9.117405078e-07
39.04456851	-0.0003072113853
39.05456851	-0.0006003496838
39.06456851	-0.0008631629067
39.07456851	-0.001081883482
39.08456851	-0.001245031839
39.09456851	-0.001344011047
39.10456851	-0.001373550382
39.11456851	-0.001331975399
39.12456851	-0.001221291221
39.13456851	-0.001047075477
39.14456851	-0.0008181871464
39.15456851	-0.0005463070563
39.16456851	-0.0002453343298
39.17456851	6.932963471e-05
39.18456851	0.0003815724778
39.19456851	0.000675396655
39.20456851	0.0009357373072
39.21456851	0.00114923049
39.22456851	0.001304892793
39.23456851	0.001394678101
39.24456851	0.001413883687
39.25456851	0.001361385643
39.26456851	0.001239692377
39.27456851	0.001054814237
39.28456851	0.0008159565531
39.29456851	0.0005350523304
39.30456851	0.000226158747
39.31456851	-9.525162326e-05
39.32456851	-0.0004130688566
39.33456851	-0.0007113537075
39.34456851	-0.0009751350524
39.35456851	-0.00119115694
39.36456851	-0.001348538183
39.37456851	-0.001439311981
39.38456851	-0.001458819238
39.39456851	-0.001405936639
39.40456851	-0.00128312885
39.41456851	-0.001096322995
39.42456851	-0.0008546123463
39.43456851	-0.0005698045525
39.44456851	-0.0002558373172
39.45456851	7.190918207e-05
39.46456851	0.0003973689299
39.47456851	0.0007045783761
39.48456851	0.0009784576785
39.49456851	0.001205546728
39.50456851	0.001374660227
39.51456851	0.001477430246
39.52456851	0.001508710337
39.53456851	0.001466822168
39.54456851	0.001353633373
39.55456851	0.001174463586
39.56456851	0.0009378239039
39.57456851	0.0006550030798
39.58456851	0.0003395210233
39.59456851	6.476459459e-06
39.60456851	-0.0003281794754
39.61456851	-0.0006484085626
39.62456851	-0.0009388529606
39.63456851	-0.001185568114
39.64456851	-0.001376686301
39.65456851	-0.001502979523
39.66456851	-0.001558295396
39.67456851	-0.001539845925
39.68456851	-0.001448336095
39.69456851	-0.001287926905
39.70456851	-0.001066035316
39.71456851	-0.0007929812353
39.72456851	-0.0004814988569
39.73456851	-0.000146135887
39.74456851	0.000197430652
39.75456851	0.0005331296322
39.76456851	0.0008452474452
39.77456851	0.001119160884
39.78456851	0.001342017213
39.79456851	0.001503330026
39.80456851	0.001595463596
39.81456851	0.001613983744
39.82456851	0.001557859613
39.83456851	0.001429507652
39.84456851	0.001234676527
39.85456851	0.0009821789359
39.86456851	0.0006834833752
39.87456851	0.0003521851969
39.88456851	3.381744026e-06
39.89456851	-0.0003470194316
39.90456851	-0.0006830273873
39.91456851	-0.0009892963619
39.92456851	-0.001251822952
39.93456851	-0.001458580372
39.94456851	-0.001600061343
39.95456851	-0.001669705444
39.96456851	-0.001664192166
39.97456851	-0.001583587068
39.98456851	-0.001431335118
39.99456851	-0.001214102246
40.00456851	-0.0009414728959
40.01456851	-0.0006255177981
40.02456851	-0.0002802518846
40.03456851	7.899296564e-05
40.04456851	0.0004362520075
40.05456851	0.0007756378645
40.06456851	0.001082045272
40.07456851	0.001341819139
40.08456851	0.001543356553
40.09456851	0.001677616472
40.10456851	0.00173851508
40.11456851	0.001723189954
40.12456851	0.001632122073
40.13456851	0.001469110988
40.14456851	0.001241104949
40.15456851	0.0009578940809
40.16456851	0.0006316806479
40.17456851	0.000276545684
40.18456851	-9.216435784e-05
40.19456851	-0.0004585039636
40.20456851	-0.0008066188426
40.21456851	-0.001121430213
40.22456851	-0.001389283624
40.23456851	-0.001598534569
40.24456851	-0.001740046052
40.25456851	-0.001807577208
40.26456851	-0.001798046869
40.27456851	-0.001711661456
40.28456851	-0.001551902383
40.29456851	-0.00132537421
40.30456851	-0.001041520685
40.31456851	-0.0007122213338
40.32456851	-0.0003512862865
40.33456851	2.612885649e-05
40.34456851	0.0004041630449
40.35456851	0.0007669175011
40.36456851	0.001099122971
40.37456851	0.001386778547
40.38456851	0.001617735489
40.39456851	0.001782201948
40.40456851	0.001873147961
40.41456851	0.001886594377
40.42456851	0.001821774319
40.43456851	0.001681161114
40.44456851	0.001470362238
40.45456851	0.001197884313
40.46456851	0.0008747794958
40.47456851	0.0005141883914
40.48456851	0.0001307987731
40.49456851	-0.0002597573076
40.50456851	-0.0006415430699
40.51456851	-0.0009989669439
40.52456851	-0.001317416401
40.53456851	-0.001583850011
40.54456851	-0.001787323947
40.55456851	-0.00191943197
40.56456851	-0.00197464159
40.57456851	-0.001950513389
40.58456851	-0.001847795294
40.59456851	-0.001670388681
40.60456851	-0.001425188327
40.61456851	-0.001121803275
40.62456851	-0.0007721703722
40.63456851	-0.0003900764232
40.64456851	9.391557918e-06
40.65456851	0.0004104458385
40.66456851	0.0007972232066
40.67456851	0.001154411138
40.68456851	0.001467850211
40.69456851	0.001725089206
40.70456851	0.001915871365
40.71456851	0.002032533124
40.72456851	0.002070300224
40.73456851	0.00202747019
40.74456851	0.001905474695
40.75456851	0.001708820042
40.76456851	0.001444908719
40.77456851	0.00112374959
40.78456851	0.0007575685007
40.79456851	0.0003603348472
40.80456851	-5.277724306e-05
40.81456851	-0.0004659720893
40.82456851	-0.0008634374374
40.83456851	-0.001229948017
40.84456851	-0.001551444682
40.85456851	-0.001815567251
40.86456851	-0.002012121082
40.87456851	-0.002133460085
40.88456851	-0.002174772168
40.89456851	-0.002134256902
40.90456851	-0.002013189312
40.91456851	-0.001815868064
40.92456851	-0.001549450603
40.93456851	-0.001223682078
40.94456851	-0.0008505287345
40.95456851	-0.0004437299746
40.96456851	-1.828616798e-05
40.97456851	0.0004100984362
40.98456851	0.0008255968521
40.99456851	0.001212842979
41.00456851	0.00155749621
41.01456851	0.001846766397
41.02456851	0.002069880179
41.03456851	0.002218471942
41.04456851	0.002286885603
41.05456851	0.002272376749
41.06456851	0.002175208355
41.07456851	0.001998637251
41.08456851	0.001748792455
41.09456851	0.001434450393
41.10456851	0.001066715702
41.11456851	0.000658619632
41.12456851	0.0002246509183
41.13456851	-0.0002197637104
41.14456851	-0.0006588105644
41.15456851	-0.001076851774
41.16456851	-0.001458979777
41.17456851	-0.001791543913
41.18456851	-0.002062630713
41.19456851	-0.002262481193
41.20456851	-0.002383830895
41.21456851	-0.002422161177
41.22456851	-0.002375853518
41.23456851	-0.002246242014
41.24456851	-0.002037562872
41.25456851	-0.001756803272
41.26456851	-0.001413455453
41.27456851	-0.001019185115
41.28456851	-0.0005874260966
41.29456851	-0.0001329157431
41.30456851	0.0003288127197
41.31456851	0.0007819631411
41.32456851	0.00121101636
41.33456851	0.001601258626
41.34456851	0.001939280621
41.35456851	0.002213430332
41.36456851	0.002414204735
41.37456851	0.002534567443
41.38456851	0.002570182087
41.39456851	0.002519554115
41.40456851	0.002384076831
41.41456851	0.002167980748
41.42456851	0.00187818855
41.43456851	0.001524081097
41.44456851	0.001117182794
41.45456851	0.0006707772716
41.46456851	0.0001994665078
41.47456851	-0.0002813117232
41.48456851	-0.0007557919433
41.49456851	-0.001208397791
41.50456851	-0.00162425061
41.51456851	-0.001989653286
41.52456851	-0.002292533734
41.53456851	-0.002522833929
41.54456851	-0.002672832235
41.55456851	-0.002737389072
41.56456851	-0.002714108502
41.57456851	-0.002603411118
41.58456851	-0.002408516472
41.59456851	-0.002135336207
41.60456851	-0.001792281899
41.61456851	-0.001389994273
41.62456851	-0.0009410029057
41.63456851	-0.0004593276511
41.64456851	3.996527413e-05
41.65456851	0.0005412382576
41.66456851	0.001028773215
41.67456851	0.001487262998
41.68456851	0.001902287958
41.69456851	0.002260762928
41.70456851	0.002551340959
41.71456851	0.002764761613
41.72456851	0.002894133431
41.73456851	0.002935142343
41.74456851	0.002886180137
41.75456851	0.002748389584
41.76456851	0.002525625448
41.77456851	0.002224333133
41.78456851	0.001853349231
41.79456851	0.001423630563
41.80456851	0.000947920391
41.81456851	0.0004403622981
41.82456851	-8.392629824e-05
41.83456851	-0.0006093079422
41.84456851	-0.001120092497
41.85456851	-0.001601004047
41.86456851	-0.002037633488
41.87456851	-0.002416863492
41.88456851	-0.002727253509
41.89456851	-0.002959373743
41.90456851	-0.003106078674
41.91456851	-0.003162712548
41.92456851	-0.003127241322
41.93456851	-0.003000307782
41.94456851	-0.002785208757
41.95456851	-0.002487795697
41.96456851	-0.002116302011
41.97456851	-0.001681102706
41.98456851	-0.001194413688
41.99456851	-0.0006699398095
42.00456851	-0.0001224820482
42.01456851	0.0004324846759
42.02456851	0.0009792508767
42.03456851	0.001502316509
42.04456851	0.001986827059
42.05456851	0.002418989523
42.06456851	0.002786456766
42.07456851	0.003078669769
42.08456851	0.003287148547
42.09456851	0.00340572405
42.10456851	0.003430705085
42.11456851	0.003360976138
42.12456851	0.003198023953
42.13456851	0.002945892666
42.14456851	0.002611069293
42.15456851	0.002202303217
42.16456851	0.00173036511
42.17456851	0.001207752279
42.18456851	0.0006483488143
42.19456851	6.705006002e-05
42.20456851	-0.0005206382561
42.21456851	-0.001099015292
42.22456851	-0.001652603578
42.23456851	-0.002166559572
42.24456851	-0.002627065454
42.25456851	-0.003021691986
42.26456851	-0.003339723084
42.27456851	-0.003572433912
42.28456851	-0.003713315602
42.29456851	-0.003758241143
42.30456851	-0.003705568646
42.31456851	-0.003556179781
42.32456851	-0.003313452952
42.33456851	-0.002983172417
42.34456851	-0.002573376219
42.35456851	-0.002094147319
42.36456851	-0.001557353723
42.37456851	-0.0009763446187
42.38456851	-0.0003656105975
42.39456851	0.0002595831916
42.40456851	0.0008835814875
42.41456851	0.00149073119
42.42456851	0.002065771602
42.43456851	0.002594212937
42.44456851	0.003062693817
42.45456851	0.0034593091
42.46456851	0.003773900208
42.47456851	0.003998301173
42.48456851	0.004126534738
42.49456851	0.004154954187
42.50456851	0.004082327915
42.51456851	0.003909865198
42.52456851	0.003641183047
42.53456851	0.003282215463
42.54456851	0.002841067769
42.55456851	0.002327819975
42.56456851	0.00175428431
42.57456851	0.001133723055
42.58456851	0.000480533712
42.59456851	-0.0001900908276
42.60456851	-0.0008625188961
42.61456851	-0.001521044994
42.62456851	-0.002150254492
42.63456851	-0.002735379646
42.64456851	-0.00326263878
42.65456851	-0.003719551003
42.66456851	-0.00409521946
42.67456851	-0.004380576941
42.68456851	-0.00456858862
42.69456851	-0.004654407723
42.70456851	-0.00463548104
42.71456851	-0.004511602388
42.72456851	-0.004284913315
42.73456851	-0.003959851505
42.74456851	-0.003543048556
42.75456851	-0.003043179834
42.76456851	-0.002470770198
42.77456851	-0.00183796027
42.78456851	-0.001158238739
42.79456851	-0.0004461468565
42.80456851	0.0002830381871
42.81456851	0.00101363397
42.82456851	0.001729890365
42.83456851	0.002416326589
42.84456851	0.003058060571
42.85456851	0.003641123732
42.86456851	0.004152754621
42.87456851	0.004581665462
42.88456851	0.004918276243
42.89456851	0.005154911803
42.90456851	0.005285958171
42.91456851	0.005307975318
42.92456851	0.00521976444
42.93456851	0.00502238885
42.94456851	0.00471914851
42.95456851	0.004315509217
42.96456851	0.00381898832
42.97456851	0.003238999742
42.98456851	0.002586661851
42.99456851	0.001874572398
43.00456851	0.001116555369
43.01456851	0.0003273850773
43.02456851	-0.0004775068233
43.03456851	-0.00128233544
43.04456851	-0.002071271784
43.05456851	-0.002828750877
43.06456851	-0.003539772827
43.07456851	-0.004190191148
43.08456851	-0.004766982902
43.09456851	-0.005258495679
43.10456851	-0.005654666963
43.11456851	-0.005947212023
43.12456851	-0.006129777117
43.13456851	-0.006198055514
43.14456851	-0.006149864572
43.15456851	-0.005985182875
43.16456851	-0.005706147175
43.17456851	-0.005317009659
43.18456851	-0.004824056762
43.19456851	-0.004235491457
43.20456851	-0.003561281562
43.21456851	-0.002812977217
43.22456851	-0.002003501148
43.23456851	-0.001146915812
43.24456851	-0.0002581718322
43.25456851	0.0006471576076
43.26456851	0.001553151534
43.27456851	0.00244382021
43.28456851	0.003303383485
43.29456851	0.004116543633
43.30456851	0.004868748042
43.31456851	0.00554643735
43.32456851	0.006137274961
43.33456851	0.006630354262
43.34456851	0.007016380316
43.35456851	0.00728782326
43.36456851	0.007439041226
43.37456851	0.00746637108
43.38456851	0.007368185905
43.39456851	0.007144918685
43.40456851	0.006799052234
43.41456851	0.006335075955
43.42456851	0.00575941057
43.43456851	0.005080302425
43.44456851	0.00430768947
43.45456851	0.003453041408
43.46456851	0.002529176885
43.47456851	0.001550060902
43.48456851	0.0005305858739
43.49456851	-0.0005136600322
43.50456851	-0.001566633537
43.51456851	-0.002612082038
43.52456851	-0.003633790736
43.53456851	-0.004615827309
43.54456851	-0.0055427805
43.55456851	-0.006399989106
43.56456851	-0.007173758094
43.57456851	-0.007851558837
43.58456851	-0.008422210732
43.59456851	-0.008876041815
43.60456851	-0.009205026357
43.61456851	-0.009402897763
43.62456851	-0.009465235542
43.63456851	-0.009389525468
43.64456851	-0.009175192505
43.65456851	-0.008823606411
43.66456851	-0.00833806039
43.67456851	-0.007723723464
43.68456851	-0.006987567655
43.69456851	-0.006138271346
43.70456851	-0.005186100513
43.71456851	-0.004142769777
43.72456851	-0.003021285464
43.73456851	-0.001835773043
43.74456851	-0.0006012914785
43.75456851	0.0006663628566
43.76456851	0.001950859981
43.77456851	0.00323554506
43.78456851	0.004503649355
43.79456851	0.005738500645
43.80456851	0.006923730473
43.81456851	0.008043475678
43.82456851	0.009082571812
43.83456851	0.01002673619
43.84456851	0.01086273853
43.85456851	0.01157855737
43.86456851	0.01216352054
43.87456851	0.01260842847
43.88456851	0.01290565907
43.89456851	0.01304925334
43.90456851	0.01303498116
43.91456851	0.01286038679
43.92456851	0.01252481405
43.93456851	0.01202941128
43.94456851	0.01137711646
43.95456851	0.0105726231
43.96456851	0.009622327606
43.97456851	0.008534259283
43.98456851	0.007317993933
43.99456851	0.005984552517
44.00456851	0.004546286234
44.01456851	0.003016749601
44.02456851	0.001410563157
44.03456851	-0.0002567325078
44.04456851	-0.001968829655
44.05456851	-0.003708811471
44.06456851	-0.005459313556
44.07456851	-0.007202687076
44.08456851	-0.008921161889
44.09456851	-0.010597008
44.10456851	-0.01221269375
44.11456851	-0.01375103932
44.12456851	-0.01519536408
44.13456851	-0.01652962656
44.14456851	-0.01773855593
44.15456851	-0.01880777384
44.16456851	-0.01972390594
44.17456851	-0.02047468203
44.18456851	-0.02104902461
44.19456851	-0.02143712494
44.20456851	-0.02163050665
44.21456851	-0.02162207649
44.22456851	-0.02140616215
44.23456851	-0.02097853741
44.24456851	-0.02033643454
44.25456851	-0.01947854445
44.26456851	-0.01840500494
44.27456851	-0.01711737751
44.28456851	-0.01561861335
44.29456851	-0.01391300919
44.30456851	-0.01200615373
44.31456851	-0.009904865419
44.32456851	-0.007617122458
44.33456851	-0.005151985866
44.34456851	-0.002519516521
44.35456851	0.0002693129114
44.36456851	0.00320271026
44.37456851	0.006268159402
44.38456851	0.009452518199
44.39456851	0.01274211794
44.40456851	0.01612286341
44.41456851	0.0195803328
44.42456851	0.0230998766
44.43456851	0.02666671485
44.44456851	0.03026603198
44.45456851	0.03388306857
44.46456851	0.03750320957
44.47456851	0.04111206833
44.48456851	0.04469556609
44.49456851	0.04824000642
44.50456851	0.05173214436
44.51456851	0.0551592499
44.52456851	0.05850916572
44.53456851	0.06177035879
44.54456851	0.064931966
44.55456851	0.06798383358
44.56456851	0.07091655034
44.57456851	0.07372147486
44.58456851	0.07639075667
44.59456851	0.07891735154
44.60456851	0.08129503107
44.61456851	0.08351838685
44.62456851	0.08558282932
44.63456851	0.0874845817
44.64456851	0.08922066921
44.65456851	0.09078890398
44.66456851	0.09218786583
44.67456851	0.09341687941
44.68456851	0.09447598797
44.69456851	0.09536592412
44.70456851	0.09608807794
44.71456851	0.09664446278
44.72456851	0.09703767915
44.73456851	0.09727087692
44.74456851	0.09725217005
44.75456851	0.09727232817
44.76456851	0.09704927278
44.77456851	0.09668349951
44.78456851	0.09618030551
44.79456851	0.0955452949
44.80456851	0.09478433849
44.81456851	0.09390353397
44.82456851	0.0929091672
44.83456851	0.0918076744
44.84456851	0.09060560564
44.85456851	0.08930958979
44.86456851	0.08792630086
44.87456851	0.08646242605
44.88456851	0.08492463557
44.89456851	0.08331955415
44.90456851	0.08165373451
44.91456851	0.0799336327
44.92456851	0.07816558536
44.93456851	0.07635578895
44.94456851	0.07451028086
44.95456851	0.07263492259
44.96456851	0.07073538464
44.97456851	0.06881713344
44.98456851	0.06688541996
44.99456851	0.06494527021
45.00456851	0.06300147735
45.01456851	0.06105859549
45.02456851	0.05912093498
45.03456851	0.0571925593
45.04456851	0.05527728322
45.05456851	0.05337867236
45.06456851	0.05150004395
45.07456851	0.0496444687
45.08456851	0.04781477377
45.09456851	0.04601354665
45.10456851	0.04424313992
45.11456851	0.04250567683
45.12456851	0.04080305752
45.13456851	0.0391369659
45.14456851	0.037508877
45.15456851	0.03592006488
45.16456851	0.03437161077
45.17456851	0.03286441168
45.18456851	0.03139918912
45.19456851	0.02997649805
45.20456851	0.02859673596
45.21456851	0.02726015199
45.22456851	0.02596685605
45.23456851	0.02471682791
45.24456851	0.02350992619
45.25456851	0.02234589731
45.26456851	0.02122438412
45.27456851	0.02014493451
45.28456851	0.01910700967
45.29456851	0.0181099922
45.30456851	0.01715319387
45.31456851	0.01623586317
45.32456851	0.0153571925
45.33456851	0.01451632511
45.34456851	0.01371236165
45.35456851	0.01294436645
45.36456851	0.01221137344
45.37456851	0.01151239173
45.38456851	0.01084641088
45.39456851	0.01021240583
45.40456851	0.009609341472
45.41456851	0.009036176945
45.42456851	0.00849186958
45.43456851	0.007975378544
45.44456851	0.007485668182
45.45456851	0.007021711067
45.46456851	0.006582490768
45.47456851	0.006167004351
45.48456851	0.00577426461
45.49456851	0.00540330206
45.50456851	0.005053166691
45.51456851	0.004722929496
45.52456851	0.004411683789
45.53456851	0.004118546323
45.54456851	0.003842658225
45.55456851	0.003583185751
45.56456851	0.003339320881
45.57456851	0.00311028176
45.58456851	0.002895313006
45.59456851	0.002693685882
45.60456851	0.002504698351
45.61456851	0.002327675031
45.62456851	0.002161967042
45.63456851	0.002006951774
45.64456851	0.001862032568
45.65456851	0.001726638333
45.66456851	0.001600223097
45.67456851	0.001482265509
45.68456851	0.001372268284
45.69456851	0.001269757617
45.70456851	0.001174282559
45.71456851	0.001085414365
45.72456851	0.001002745818
45.73456851	0.0009258905397
45.74456851	0.0008544822848
45.75456851	0.0007881742259
45.76456851	0.0007266382368
45.77456851	0.0006695641725
45.78456851	0.0006166591517
45.79456851	0.0005676468443
45.80456851	0.0005222667661
45.81456851	0.0004802735832
45.82456851	0.0004414364285
45.83456851	0.000405538231
45.84456851	0.0003723750607
45.85456851	0.0003417554889
45.86456851	0.0003134999671
45.87456851	0.0002874402226
45.88456851	0.0002634186737
45.89456851	0.0002412878649
45.90456851	0.0002209099204
45.91456851	0.0002021560196
45.92456851	0.0001849058907
45.93456851	0.0001690473267
45.94456851	0.0001544757197
45.95456851	0.0001410936166
45.96456851	0.0001288102938
45.97456851	0.0001175413515
45.98456851	0.0001072083275
45.99456851	9.773832942e-05
46.00456851	8.906368503e-05
46.01456851	8.112161072e-05
46.02456851	7.385389695e-05
46.03456851	6.720661052e-05
46.04456851	6.112981292e-05
46.05456851	5.557729431e-05
46.06456851	5.050632237e-05
46.07456851	4.587740568e-05
46.08456851	4.165407079e-05
46.09456851	3.780265251e-05
46.10456851	3.429209686e-05
46.11456851	3.109377605e-05
46.12456851	2.818131487e-05
46.13456851	2.55304281e-05
46.14456851	2.31187682e-05
46.15456851	2.092578287e-05
46.16456851	1.893258192e-05
46.17456851	1.712181295e-05
46.18456851	1.547754538e-05
46.19456851	1.398516236e-05
46.20456851	1.263125999e-05
46.21456851	1.140355371e-05
46.22456851	1.029079105e-05
46.23456851	9.282670727e-06
46.24456851	8.369767404e-06
46.25456851	7.543461982e-06
46.26456851	6.795876918e-06
46.27456851	6.119816325e-06
46.28456851	5.508710534e-06
46.29456851	4.9565648e-06
46.30456851	4.4579119e-06
46.31456851	4.007768345e-06
46.32456851	3.601593964e-06
46.33456851	3.235254628e-06
46.34456851	2.904987883e-06
46.35456851	2.607371304e-06
46.36456851	2.33929336e-06
46.37456851	2.097926613e-06
46.38456851	1.880703078e-06
46.39456851	1.685291594e-06
46.40456851	1.50957704e-06
46.41456851	1.351641269e-06
46.42456851	1.209745631e-06
46.43456851	1.082314945e-06
46.44456851	9.679228348e-07
46.45456851	8.652782974e-07
46.46456851	7.732134236e-07
46.47456851	6.906721703e-07
46.48456851	6.167001037e-07
46.49456851	5.504350348e-07
46.50456851	4.91098474e-07
46.51456851	4.37987838e-07
46.52456851	3.904693469e-07
46.53456851	3.47971554e-07
46.54456851	3.099794549e-07
46.55456851	2.760291287e-07
46.56456851	2.457028629e-07
46.57456851	2.186247242e-07
46.58456851	1.944565346e-07
46.59456851	1.728942175e-07
46.60456851	1.536644834e-07
46.61456851	1.365218235e-07
46.62456851	1.212457843e-07
46.63456851	1.076384997e-07
46.64456851	9.552245563e-08
46.65456851	8.473846703e-08
46.66456851	7.514384861e-08
46.67456851	6.661076076e-08
46.68456851	5.902471504e-08
46.69456851	5.228322459e-08
46.70456851	4.629458582e-08
46.71456851	4.097677933e-08
46.72456851	3.625647884e-08
46.73456851	3.206815792e-08
46.74456851	2.835328534e-08
46.75456851	2.505960056e-08
46.76456851	2.21404617e-08
46.77456851	1.955425907e-08
46.78456851	1.726388784e-08
46.79456851	1.523627419e-08
46.80456851	1.344194972e-08
46.81456851	1.185466934e-08
46.82456851	1.045106838e-08
46.83456851	9.210355047e-09
46.84456851	8.114034733e-09
46.85456851	7.145662947e-09
46.86456851	6.290624038e-09
46.87456851	5.535933095e-09
46.88456851	4.870058674e-09
46.89456851	4.282764248e-09
46.90456851	3.764966458e-09
46.91456851	3.308608437e-09
46.92456851	2.906546673e-09
46.93456851	2.552449995e-09
46.94456851	2.240709422e-09
46.95456851	1.966357756e-09
46.96456851	1.724997885e-09
46.97456851	1.512738884e-09
46.98456851	1.3261391e-09
46.99456851	1.162155461e-09
47.00456851	1.018098368e-09
47.01456851	8.91591562e-10
47.02456851	7.80536428e-10
47.03456851	6.830802751e-10
47.04456851	5.975881463e-10
47.05456851	5.226177833e-10
47.06456851	4.568974018e-10
47.07456851	3.993059694e-10
47.08456851	3.48855712e-10
47.09456851	3.04676603e-10
47.10456851	2.660026172e-10
47.11456851	2.321595529e-10
47.12456851	2.025542478e-10
47.13456851	1.766650339e-10
47.14456851	1.540332914e-10
47.15456851	1.342559792e-10
47.16456851	1.169790309e-10
47.17456851	1.018915193e-10
47.18456851	8.872050073e-11
47.19456851	7.722646368e-11
47.20456851	6.719931067e-11
47.21456851	5.84548136e-11
47.22456851	5.083148747e-11
47.23456851	4.418783425e-11
47.24456851	3.839991423e-11
47.25456851	3.335920649e-11
47.26456851	2.897072513e-11
47.27456851	2.515136108e-11
47.28456851	2.182842319e-11
47.29456851	1.893835513e-11
47.30456851	1.642560734e-11
47.31456851	1.424164564e-11
47.32456851	1.234408033e-11
47.33456851	1.069590149e-11
47.34456851	9.26480759e-12
47.35456851	8.022616491e-12
47.36456851	6.944748742e-12
47.37456851	6.009774563e-12
47.38456851	5.19901679e-12
47.39456851	4.496202992e-12
47.40456851	3.887160803e-12
47.41456851	3.359551188e-12
47.42456851	2.902635012e-12
47.43456851	2.507068831e-12
47.44456851	2.16472631e-12
47.45456851	1.868542115e-12
47.46456851	1.612375495e-12
47.47456851	1.390891122e-12
47.48456851	1.199455033e-12
47.49456851	1.034043811e-12
47.50456851	8.911653251e-13
47.51456851	7.677896113e-13
47.52456851	6.612885935e-13
47.53456851	5.693835509e-13
47.54456851	4.900993436e-13
47.55456851	4.217245448e-13
47.56456851	3.627767289e-13
47.57456851	3.119722598e-13
47.58456851	2.682000056e-13
47.59456851	2.30498477e-13
47.60456851	1.980359512e-13
47.61456851	1.700931968e-13
47.62456851	1.46048466e-13
47.63456851	1.253644588e-13
47.64456851	1.07577007e-13
47.65456851	9.228525177e-14
47.66456851	7.914312281e-14
47.67456851	6.785194778e-14
47.68456851	5.815404504e-14
47.69456851	4.982717058e-14
47.70456851	4.267970692e-14
47.71456851	3.654649632e-14
47.72456851	3.128523327e-14
47.73456851	2.67733422e-14
47.74456851	2.290527618e-14
47.75456851	1.95901805e-14
47.76456851	1.674987276e-14
47.77456851	1.431709688e-14
47.78456851	1.22340147e-14
47.79456851	1.045090308e-14
47.80456851	8.925028952e-15
47.81456851	7.619678398e-15
47.82456851	6.503318825e-15
47.83456851	5.548876347e-15
47.84456851	4.733112691e-15
47.85456851	4.036088103e-15
47.86456851	3.440698546e-15
47.87456851	2.932277039e-15
47.88456851	2.498250372e-15
47.89456851	2.127843592e-15
47.90456851	1.811825703e-15
47.91456851	1.542290905e-15
47.92456851	1.312470458e-15
47.93456851	1.116570951e-15
47.94456851	9.496353046e-16
47.95456851	8.074233538e-16
47.96456851	6.863092891e-16
47.97456851	5.83193601e-16
47.98456851	4.954275027e-16
47.99456851	4.207480848e-16
48.00456851	3.572226944e-16
48.01456851	3.032012433e-16
48.02456851	2.572753264e-16
48.03456851	2.182431914e-16
48.04456851	1.850797296e-16
48.05456851	1.569107778e-16
48.06456851	1.329911188e-16
48.07456851	1.126856534e-16
48.08456851	9.545329315e-17
48.09456851	8.083318334e-17
48.10456851	6.843292471e-17
48.11456851	5.791850565e-17
48.12456851	4.900569995e-17
48.13456851	4.145271876e-17
48.14456851	3.505393606e-17
48.15456851	2.963453241e-17
48.16456851	2.504592394e-17
48.17456851	2.116186283e-17
48.18456851	1.787511156e-17
48.19456851	1.509460746e-17
48.20456851	1.274304598e-17
48.21456851	1.075482153e-17
48.22456851	9.074273462e-18
48.23456851	7.654192498e-18
48.24456851	6.454549329e-18
48.25456851	5.441412612e-18
48.26456851	4.586028476e-18
48.27456851	3.864037665e-18
48.28456851	3.254809932e-18
48.29456851	2.740878298e-18
48.30456851	2.307458347e-18
48.31456851	1.942039887e-18
48.32456851	1.634040203e-18
48.33456851	1.374509682e-18
48.34456851	1.155882001e-18
48.35456851	9.717621659e-19
48.36456851	8.167467515e-19
48.37456851	6.862714695e-19
48.38456851	5.764819664e-19
48.39456851	4.841243372e-19
48.40456851	4.064523745e-19
48.41456851	3.411490196e-19
48.42456851	2.862598602e-19
48.43456851	2.401368436e-19
48.44456851	2.013906517e-19
48.45456851	1.688504151e-19
48.46456851	1.41529647e-19
48.47456851	1.185974437e-19
48.48456851	9.935414591e-20
48.49456851	8.321077553e-20
48.50456851	6.967166682e-20
48.51456851	5.8319801e-20
48.52456851	4.880442643e-20
48.53456851	4.083061155e-20
48.54456851	3.415043126e-20
48.55456851	2.855553357e-20
48.56456851	2.387087229e-20
48.57456851	1.994942414e-20
48.58456851	1.666773723e-20
48.59456851	1.392218096e-20
48.60456851	1.16257878e-20
48.61456851	9.705594393e-21
48.62456851	8.100403479e-21
48.63456851	6.758900793e-21
48.64456851	5.638070957e-21
48.65456851	4.701865323e-21
48.66456851	3.920082013e-21
48.67456851	3.267424621e-21
48.68456851	2.7227113e-21
48.69456851	2.268210405e-21
48.70456851	1.88908259e-21
48.71456851	1.572912449e-21
48.72456851	1.309315427e-21
48.73456851	1.089608003e-21
48.74456851	9.065310441e-22
48.75456851	7.540178147e-22
48.76456851	6.269994984e-22
48.77456851	5.212422036e-22
48.78456851	4.332103994e-22
48.79456851	3.599525278e-22
48.80456851	2.99005216e-22
48.81456851	2.48313089e-22
48.82456851	2.061616593e-22
48.83456851	1.711211765e-22
48.84456851	1.419996617e-22
48.85456851	1.178036332e-22
48.86456851	9.770527449e-23
48.87456851	8.101499493e-23
48.88456851	6.71585035e-23
48.89456851	5.565765922e-23
48.90456851	4.611447996e-23
48.91456851	3.819779278e-23
48.92456851	3.163209235e-23
48.93456851	2.618824488e-23
48.94456851	2.167573392e-23
48.95456851	1.793619413e-23
48.96456851	1.483802057e-23
48.97456851	1.227187581e-23
48.98456851	1.014694638e-23
48.99456851	8.387824402e-24
49.00456851	6.9319108e-24
49.01456851	5.727253307e-24
49.02456851	4.730747051e-24
49.03456851	3.906637288e-24
49.04456851	3.225273891e-24
49.05456851	2.662075538e-24
49.06456851	2.196668537e-24
49.07456851	1.812171027e-24
49.08456851	1.494598183e-24
49.09456851	1.232368099e-24
49.10456851	1.015891417e-24
49.11456851	8.372306051e-25
49.12456851	6.898171314e-25
49.13456851	5.682167682e-25
49.14456851	4.679348805e-25
49.15456851	3.852549345e-25
49.16456851	3.171045918e-25
49.17456851	2.609447084e-25
49.18456851	2.146773436e-25
49.19456851	1.76569545e-25
49.20456851	1.451902192e-25
49.21456851	1.193578571e-25
49.22456851	9.809725714e-26
49.23456851	8.060370885e-26
49.24456851	6.621335689e-26
49.25456851	5.437868684e-26
49.26456851	4.464825225e-26
49.27456851	3.664991374e-26
49.28456851	3.007698541e-26
49.29456851	2.46767872e-26
49.30456851	2.024118791e-26
49.31456851	1.659879473e-26
49.32456851	1.360850432e-26
49.33456851	1.115417943e-26
49.34456851	9.140255871e-27
49.35456851	7.488118041e-27
49.36456851	6.133109476e-27
49.37456851	5.022067704e-27
49.38456851	4.111292023e-27
49.39456851	3.364868588e-27
49.40456851	2.753290358e-27
49.41456851	2.252320278e-27
49.42456851	1.842055072e-27
49.43456851	1.506154439e-27
49.44456851	1.231206606e-27
49.45456851	1.006206237e-27
49.46456851	8.221249179e-28
49.47456851	6.715578932e-28
49.48456851	5.484335887e-28
49.49456851	4.47774826e-28
49.50456851	3.655025775e-28
49.51456851	2.98274726e-28
49.52456851	2.433536183e-28
49.53456851	1.984972986e-28
49.54456851	1.618702109e-28
49.55456851	1.319699044e-28
49.56456851	1.075668887e-28
49.57456851	8.765529306e-29
49.58456851	7.141239791e-29
49.59456851	5.816545301e-29
49.60456851	4.736447619e-29
49.61456851	3.855996088e-29
49.62456851	3.13846109e-29
49.63456851	2.553837895e-29
49.64456851	2.077621424e-29
49.65456851	1.689803121e-29
49.66456851	1.374049888e-29
49.67456851	1.11703219e-29
49.68456851	9.078743902e-30
49.69456851	7.377051671e-30
49.70456851	5.992899052e-30
49.71456851	4.867301728e-30
49.72456851	3.952181127e-30
49.73456851	3.208357589e-30
49.74456851	2.603911037e-30
49.75456851	2.112842184e-30
49.76456851	1.713979443e-30
49.77456851	1.390086684e-30
49.78456851	1.127135098e-30
49.79456851	9.13709143e-31
49.80456851	7.405220005e-31
49.81456851	6.000204453e-31
49.82456851	4.860627175e-31
49.83456851	3.936559686e-31
49.84456851	3.187423193e-31
49.85456851	2.580245703e-31
49.86456851	2.088242521e-31
49.87456851	1.68966042e-31
49.88456851	1.36683673e-31
49.89456851	1.105433577e-31
49.90456851	8.938148236e-32
49.91456851	7.225392287e-32
49.92456851	5.839482669e-32
49.93456851	4.718309966e-32
49.94456851	3.811516472e-32
49.95456851	3.078282396e-32
49.96456851	2.485527244e-32
49.97456851	2.006448856e-32
49.98456851	1.619337016e-32
49.99456851	1.306610252e-32
50.00456851	1.054034031e-32
50.01456851	8.500863508e-33
50.02456851	6.85443049e-33
50.03456851	5.525603498e-33
50.04456851	4.45336356e-33
50.05456851	3.588366224e-33
50.06456851	2.890717347e-33
50.07456851	2.328170811e-33
50.08456851	1.87466848e-33
50.09456851	1.509157699e-33
50.10456851	1.214633798e-33
50.11456851	9.773649789e-34
50.12456851	7.86264995e-34
50.13456851	6.323855631e-34
50.14456851	5.085057545e-34
50.15456851	4.087999163e-34
50.16456851	3.285691669e-34
50.17456851	2.640243475e-34
50.18456851	2.1211061e-34
50.19456851	1.703656883e-34
50.20456851	1.368054111e-34
50.21456851	1.098312442e-34
50.22456851	8.815563841e-35
50.23456851	7.074177129e-35
50.24456851	5.67549163e-35
50.25456851	4.552320672e-35
50.26456851	3.65059863e-35
50.27456851	2.926828565e-35
50.28456851	2.346024379e-35
50.29456851	1.880052045e-35
50.30456851	1.506292856e-35
50.31456851	1.206566412e-35
50.32456851	9.662630991e-36
50.33456851	7.73645463e-36
50.34456851	6.192857313e-36
50.35456851	4.956130616e-36
50.36456851	3.965491913e-36
50.37456851	3.172152995e-36
50.38456851	2.536962163e-36
50.39456851	2.028508063e-36
50.40456851	1.621595183e-36
50.41456851	1.296018461e-36
50.42456851	1.035578534e-36
50.43456851	8.27290574e-37
50.44456851	6.607487833e-37
50.45456851	5.276160547e-37
50.46456851	4.212142356e-37
50.47456851	3.361952408e-37
50.48456851	2.682771217e-37
50.49456851	2.140323133e-37
50.50456851	1.707177806e-37
50.51456851	1.361388079e-37
50.52456851	1.085397909e-37
50.53456851	8.651669891e-38
50.54456851	6.894692403e-38
50.55456851	5.493307603e-38
50.56456851	4.375796146e-38
50.57456851	3.484852946e-38
50.58456851	2.774700518e-38
50.59456851	2.208778314e-38
50.60456851	1.757893544e-38
50.61456851	1.398741662e-38
50.62456851	1.112722883e-38
50.63456851	8.84995716e-39
50.64456851	7.037202172e-39
50.65456851	5.594530797e-39
50.66456851	4.446641953e-39
50.67456851	3.533503899e-39
50.68456851	2.807268678e-39
50.69456851	2.229807882e-39
50.70456851	1.770745077e-39
50.71456851	1.405885137e-39
50.72456851	1.115960711e-39
50.73456851	8.856320166e-40
50.74456851	7.026889406e-40
50.75456851	5.574146817e-40
50.76456851	4.420783351e-40
50.77456851	3.505303869e-40
50.78456851	2.778803211e-40
50.79456851	2.202397266e-40
50.80456851	1.745176441e-40
50.81456851	1.382575659e-40
50.82456851	1.095076404e-40
50.83456851	8.671734097e-41
50.84456851	6.865522072e-41
50.85456851	5.43434659e-41
50.86456851	4.300582821e-41
50.87456851	3.402621029e-41
50.88456851	2.69157321e-41
50.89456851	2.128654749e-41
50.90456851	1.683103178e-41
50.91456851	1.330524265e-41
50.92456851	1.05157795e-41
50.93456851	8.309345563e-42
50.94456851	6.564458587e-42
50.95456851	5.184869299e-42
50.96456851	4.094337e-42
50.97456851	3.232483347e-42
50.98456851	2.551502559e-42
50.99456851	2.013551705e-42
51.00456851	1.588680973e-42
51.01456851	1.253192527e-42
51.02456851	9.883395082e-43
51.03456851	7.792949067e-43
51.04456851	6.143344985e-43
51.05456851	4.841895575e-43
51.06456851	3.815341748e-43
51.07456851	3.005792834e-43
51.08456851	2.367512507e-43
51.09456851	1.864374777e-43
51.10456851	1.467850813e-43
51.11456851	1.15541617e-43
51.12456851	9.092909138e-44
51.13456851	7.15443282e-44
51.14456851	5.628019313e-44
51.15456851	4.426332355e-44
51.16456851	3.48049164e-44
51.17456851	2.736184413e-44
51.18456851	2.150593805e-44
51.19456851	1.689972872e-44
51.20456851	1.327729041e-44
51.21456851	1.042911879e-44
51.22456851	8.190195593e-45
51.23456851	6.430570331e-45
51.24456851	5.047930089e-45
51.25456851	3.961738909e-45
51.26456851	3.108616231e-45
51.27456851	2.438693213e-45
51.28456851	1.912740654e-45
51.29456851	1.499905601e-45
51.30456851	1.175928033e-45
51.31456851	9.217361021e-46
51.32456851	7.223398079e-46
51.33456851	5.659598937e-46
51.34456851	4.433421039e-46
51.35456851	3.472174734e-46
51.36456851	2.718776447e-46
51.37456851	2.128407669e-46
51.38456851	1.665887155e-46
51.39456851	1.303604498e-46
51.40456851	1.019895522e-46
51.41456851	7.977652995e-47
51.42456851	6.238846178e-47
51.43456851	4.878015223e-47
51.44456851	3.813219619e-47
51.45456851	2.980233814e-47
51.46456851	2.328728003e-47
51.47456851	1.819270003e-47
51.48456851	1.420972177e-47
51.49456851	1.109645021e-47
51.50456851	8.663486415e-48
51.51456851	6.762566058e-48
51.52456851	5.277650056e-48
51.53456851	4.117939522e-48
51.54456851	3.212400598e-48
51.55456851	2.505473699e-48
51.56456851	1.953711665e-48
51.57456851	1.523146295e-48
51.58456851	1.187225865e-48
51.59456851	9.252002017e-49
51.60456851	7.208564371e-49
51.61456851	5.615295185e-49
51.62456851	4.373279198e-49
51.63456851	3.405278805e-49
51.64456851	2.650995915e-49
51.65456851	2.063366658e-49
51.66456851	1.605664404e-49
51.67456851	1.249235239e-49
51.68456851	9.717281915e-50
51.69456851	7.557124242e-50
51.70456851	5.875969858e-50
51.71456851	4.567871178e-50
51.72456851	3.55025445e-50
51.73456851	2.758776459e-50
51.74456851	2.143310019e-50
51.75456851	1.664811171e-50
51.76456851	1.292874967e-50
51.77456851	1.003828872e-50
51.78456851	7.792458576e-51
51.79456851	6.047850378e-51
51.80456851	4.692878856e-51
51.81456851	3.640738361e-51
51.82456851	2.823914024e-51
51.83456851	2.189905612e-51
51.84456851	1.697896844e-51
51.85456851	1.31616166e-51
51.86456851	1.020044815e-51
51.87456851	7.903899381e-52
51.88456851	6.123161847e-52
51.89456851	4.742663499e-52
51.90456851	3.672663787e-52
51.91456851	2.843494376e-52
51.92456851	2.201080697e-52
51.93456851	1.703460229e-52
51.94456851	1.318076219e-52
51.95456851	1.019674583e-52
51.96456851	7.886698848e-53
51.97456851	6.098760323e-53
51.98456851	4.715204902e-53
51.99456851	3.644788393e-53
52.00456851	2.816805529e-53
52.01456851	2.17647787e-53
52.02456851	1.681374833e-53
52.03456851	1.298637009e-53
52.04456851	1.002822349e-53
52.05456851	7.742358514e-54
52.06456851	5.976344806e-54
52.07456851	4.612232152e-54
52.08456851	3.558769545e-54
52.09456851	2.745375884e-54
52.10456851	2.117468973e-54
52.11456851	1.632847544e-54
52.12456851	1.258889494e-54
52.13456851	9.703826419e-55
52.14456851	7.478455552e-55
52.15456851	5.762279899e-55
52.16456851	4.43905338e-55
52.17456851	3.419007217e-55
52.18456851	2.632833216e-55
52.19456851	2.027031082e-55
52.20456851	1.560311268e-55
52.21456851	1.200814453e-55
52.22456851	9.239627034e-56
52.23456851	7.10799143e-56
52.24456851	5.467053429e-56
52.25456851	4.204106956e-56
52.26456851	3.232274659e-56
52.27456851	2.484602218e-56
52.28456851	1.909499887e-56
52.29456851	1.467224634e-56
52.30456851	1.12716588e-56
52.31456851	8.657517072e-57
52.32456851	6.648340042e-57
52.33456851	5.104432714e-57
52.34456851	3.918286437e-57
52.35456851	3.007179576e-57
52.36456851	2.307475382e-57
52.37456851	1.770228657e-57
52.38456851	1.35780149e-57
52.39456851	1.041256834e-57
52.40456851	7.983515335e-58
52.41456851	6.119912664e-58
52.42456851	4.690413079e-58
52.43456851	3.594113707e-58
52.44456851	2.753514905e-58
52.45456851	2.109103996e-58
52.46456851	1.615189737e-58
52.47456851	1.236699351e-58
52.48456851	9.467161791e-59
52.49456851	7.245870869e-59
52.50456851	5.544680817e-59
52.51456851	4.242068978e-59
52.52456851	3.244846529e-59
52.53456851	2.481566397e-59
52.54456851	1.897461563e-59
52.55456851	1.450559234e-59
52.56456851	1.108698312e-59
52.57456851	8.472406541e-60
52.58456851	6.473150634e-60
52.59456851	4.944702991e-60
52.60456851	3.776420283e-60
52.61456851	2.883607133e-60
52.62456851	2.201443596e-60
52.63456851	1.680330771e-60
52.64456851	1.28232405e-60
52.65456851	9.784004144e-61
52.66456851	7.463651366e-61
52.67456851	5.692486141e-61
52.68456851	4.340788065e-61
52.69456851	3.309414682e-61
52.70456851	2.522608448e-61
52.71456851	1.922492239e-61
52.72456851	1.464857841e-61
52.73456851	1.115944365e-61
52.74456851	8.499743665e-62
52.75456851	6.472698489e-62
52.76456851	4.928119524e-62
52.77456851	3.751400542e-62
52.78456851	2.855104658e-62
52.79456851	2.172536402e-62
52.80456851	1.652831449e-62
52.81456851	1.257206424e-62
52.82456851	9.560952826e-63
52.83456851	7.269630909e-63
52.84456851	5.526372972e-63
52.85456851	4.200342533e-63
52.86456851	3.191875564e-63
52.87456851	2.425068246e-63
52.88456851	1.842123695e-63
52.89456851	1.399041074e-63
52.90456851	1.062328995e-63
52.91456851	8.065003121e-64
52.92456851	6.121629212e-64
52.93456851	4.64565034e-64
52.94456851	3.524869766e-64
52.95456851	2.673971238e-64
52.96456851	2.02809142e-64
52.97456851	1.537926233e-64
52.98456851	1.166005781e-64
52.99456851	8.838593586e-65
53.00456851	6.698582781e-65
53.01456851	5.075747812e-65
53.02456851	3.845338066e-65
53.03456851	2.912637537e-65
53.04456851	2.205747632e-65
53.05456851	1.670100882e-65
53.06456851	1.264291254e-65
53.07456851	9.569057107e-66
53.08456851	7.241170667e-66
53.09456851	5.478555742e-66
53.10456851	4.14420366e-66
53.11456851	3.134251474e-66
53.12456851	2.369978307e-66
53.13456851	1.79173066e-66
53.14456851	1.354312673e-66
53.15456851	1.02348872e-66
53.16456851	7.733304655e-67
53.17456851	5.842048507e-67
53.18456851	4.412484743e-67
53.19456851	3.332110023e-67
53.20456851	2.515785132e-67
53.21456851	1.899091524e-67
53.22456851	1.433297751e-67
53.23456851	1.081546402e-67
53.24456851	8.159661577e-68
53.25456851	6.154849348e-68
53.26456851	4.64174242e-68
53.27456851	3.499959463e-68
53.28456851	2.638538271e-68
53.29456851	1.98875931e-68
53.30456851	1.498716664e-68
53.31456851	1.129211695e-68
53.32456851	8.506477492e-69
53.33456851	6.406823263e-69
53.34456851	4.824522822e-69
53.35456851	3.632324658e-69
53.36456851	2.734221305e-69
53.37456851	2.057791718e-69
53.38456851	1.548417077e-69
53.39456851	1.164912521e-69
53.40456851	8.762288221e-70
53.41456851	6.58962429e-70
53.42456851	4.954760976e-70
53.43456851	3.724806664e-70
53.44456851	2.799650203e-70
53.45456851	2.103889163e-70
53.46456851	1.580742116e-70
53.47456851	1.187458152e-70
53.48456851	8.918560442e-71
53.49456851	6.697155783e-71
53.50456851	5.028115833e-71
53.51456851	3.774326052e-71
53.52456851	2.832649633e-71
53.53456851	2.12552221e-71
53.54456851	1.594622222e-71
53.55456851	1.196105234e-71
53.56456851	8.970164766e-72
53.57456851	6.725908218e-72
53.58456851	5.04221054e-72
53.59456851	3.779293098e-72
53.60456851	2.832172934e-72
53.61456851	2.122015702e-72
53.62456851	1.589633789e-72
53.63456851	1.190598362e-72
53.64456851	8.915654181e-73
53.65456851	6.675148373e-73
53.66456851	4.996759451e-73
53.67456851	3.73969176e-73
53.68456851	2.798356581e-73
53.69456851	2.093583163e-73
53.70456851	1.566020102e-73
53.71456851	1.171182125e-73
53.72456851	8.757326896e-74
53.73456851	6.5469458e-74
53.74456851	4.893572454e-74
53.75456851	3.657071307e-74
53.76456851	2.732505202e-74
53.77456851	2.041309067e-74
53.78456851	1.524673195e-74
53.79456851	1.138583886e-74
53.80456851	8.501070235e-75
53.81456851	6.346035726e-75
53.82456851	4.736437306e-75
53.83456851	3.534447052e-75
53.84456851	2.637008977e-75
53.85456851	1.967080856e-75
53.86456851	1.467078408e-75
53.87456851	1.093968918e-75
53.88456851	8.156000035e-76
53.89456851	6.079530864e-76
53.90456851	4.530890463e-76
53.91456851	3.376118947e-76
53.92456851	2.515200613e-76
53.93456851	1.873476586e-76
53.94456851	1.395226422e-76
53.95456851	1.038871735e-76
53.96456851	7.733926124e-77
53.97456851	5.7565064e-77
53.98456851	4.283895634e-77
53.99456851	3.187423152e-77
54.00456851	2.371163757e-77
54.01456851	1.763617468e-77
54.02456851	1.311499974e-77
54.03456851	9.751092267e-78
54.04456851	7.248687266e-78
54.05456851	5.387491669e-78
54.06456851	4.003455857e-78
54.07456851	2.974436449e-78
54.08456851	2.209508083e-78
54.09456851	1.640996967e-78
54.10456851	1.218544176e-78
54.11456851	9.046823704e-79
54.12456851	6.715407295e-79
54.13456851	4.983907847e-79
54.14456851	3.698188947e-79
54.15456851	2.743656065e-79
54.16456851	2.035128114e-79
54.17456851	1.509299346e-79
54.18456851	1.119130137e-79
54.19456851	8.296738616e-80
54.20456851	6.149727428e-80
54.21456851	4.557492898e-80
54.22456851	3.376897204e-80
54.23456851	2.501678056e-80
54.24456851	1.85296309e-80
54.25456851	1.372220556e-80
54.26456851	1.016021523e-80
54.27456851	7.521487906e-81
54.28456851	5.567067843e-81
54.29456851	4.119753171e-81
54.30456851	3.048160575e-81
54.31456851	2.254895814e-81
54.32456851	1.667773791e-81
54.33456851	1.233303222e-81
54.34456851	9.118526742e-82
54.35456851	6.740647342e-82
54.36456851	4.981965181e-82
54.37456851	3.681475822e-82
54.38456851	2.719978251e-82
54.39456851	2.009236948e-82
54.40456851	1.483949619e-82
54.41456851	1.095795381e-82
54.42456851	8.090253192e-83
54.43456851	5.971963315e-83
54.44456851	4.407522622e-83
54.45456851	3.252328469e-83
54.46456851	2.399477679e-83
54.47456851	1.769952133e-83
54.48456851	1.305355649e-83
54.49456851	9.625398964e-84
54.50456851	7.096287661e-84
54.51456851	5.230778151e-84
54.52456851	3.854996934e-84
54.53456851	2.84056316e-84
54.54456851	2.092702878e-84
54.55456851	1.541464159e-84
54.56456851	1.135225296e-84
54.57456851	8.358983871e-85
54.58456851	6.153861873e-85
54.59456851	4.529652235e-85
54.60456851	3.333533824e-85
54.61456851	2.452831933e-85
54.62456851	1.804486623e-85
54.63456851	1.327279914e-85
54.64456851	9.761001666e-86
54.65456851	7.177104858e-86
54.66456851	5.276273084e-86
54.67456851	3.878183357e-86
54.68456851	2.850050402e-86
54.69456851	2.094111979e-86
54.70456851	1.538404176e-86
54.71456851	1.129962985e-86
54.72456851	8.298149057e-87
54.73456851	6.092864544e-87
