-38.75853394	0.0001860783705
-38.74853394	0.0005777182805
-38.73853394	0.0009386176605
-38.72853394	0.001248953181
-38.71853394	0.001491572892
-38.70853394	0.001652952888
-38.69853394	0.001723962108
-38.68853394	0.001700391487
-38.67853394	0.001583216174
-38.66853394	0.001378573971
-38.65853394	0.001097458601
-38.64853394	0.0007551422178
-38.63853394	0.0003703566825
-38.62853394	-3.572314317e-05
-38.61853394	-0.0004406394253
-38.60853394	-0.0008218914825
-38.59853394	-0.001158187675
-38.58853394	-0.001430639364
-38.57853394	-0.001623829758
-38.56853394	-0.00172669677
-38.55853394	-0.001733178802
-38.54853394	-0.001642585134
-38.53853394	-0.001459667679
-38.52853394	-0.001194387408
-38.51853394	-0.0008613858886
-38.50853394	-0.0004791890952
-38.49853394	-6.918607617e-05
-38.48853394	0.000345561807
-38.47853394	0.0007416151646
-38.46853394	0.001096481955
-38.45853394	0.001389899012
-38.44853394	0.001604996517
-38.43853394	0.001729278112
-38.42853394	0.001755359206
-38.41853394	0.001681419208
-38.40853394	0.001511339337
-38.39853394	0.001254515388
-38.38853394	0.0009253532923
-38.37853394	0.0005424736649
-38.36853394	0.0001276684504
-38.35853394	-0.000295332482
-38.34853394	-0.0007022154317
-38.33853394	-0.001069480621
-38.32853394	-0.001375803289
-38.31853394	-0.001603279109
-38.30853394	-0.001738480842
-38.29853394	-0.001773263309
-38.28853394	-0.001705267807
-38.27853394	-0.001538094017
-38.26853394	-0.001281126541
-38.25853394	-0.0009490231636
-38.24853394	-0.0005608917913
-38.23853394	-0.0001392014444
-38.22853394	0.0002915112818
-38.21853394	0.0007060662893
-38.20853394	0.001080112188
-38.19853394	0.001391560608
-38.18853394	0.001621897948
-38.17853394	0.001757296279
-38.16853394	0.001789456192
-38.15853394	0.001716129544
-38.14853394	0.001541288443
-38.13853394	0.001274927479
-38.12853394	0.0009325077452
-38.11853394	0.0005340725974
-38.10853394	0.000103084861
-38.09853394	-0.0003349477186
-38.08853394	-0.0007539787336
-38.07853394	-0.00112897238
-38.06853394	-0.001437403599
-38.05853394	-0.001660618997
-38.04853394	-0.001784975896
-38.03853394	-0.001802689382
-38.02853394	-0.001712334024
-38.01853394	-0.001518967214
-38.00853394	-0.001233863493
-37.99853394	-0.000873872579
-37.98853394	-0.0004604366365
-37.97853394	-1.83232469e-05
-37.96853394	0.0004258517139
-37.95853394	0.0008452236447
-37.94853394	0.001214305318
-37.93853394	0.001510541056
-37.92853394	0.001715693942
-37.91853394	0.00181698028
-37.90853394	0.001807880085
-37.89853394	0.00168857145
-37.88853394	0.00146595912
-37.87853394	0.001153292139
-37.86853394	0.0007693905211
-37.85853394	0.0003375250793
-37.84853394	-0.0001159837476
-37.83853394	-0.0005633643413
-37.82853394	-0.0009770929434
-37.81853394	-0.001331589493
-37.80853394	-0.001604805669
-37.79853394	-0.00177960621
-37.78853394	-0.001844856407
-37.77853394	-0.001796146037
-37.76853394	-0.001636101864
-37.75853394	-0.001374265916
-37.74853394	-0.001026543495
-37.73853394	-0.0006142516827
-37.72853394	-0.000162824287
-37.71853394	0.0002997489
-37.70853394	0.0007446533137
-37.69853394	0.001144044541
-37.68853394	0.001472795196
-37.67853394	0.001710083938
-37.66853394	0.001840725702
-37.65853394	0.001856157486
-37.64853394	0.001755014916
-37.63853394	0.001543259936
-37.62853394	0.001233847897
-37.61853394	0.0008459512689
-37.60853394	0.000403785368
-37.59853394	-6.489291903e-05
-37.58853394	-0.0005305210452
-37.57853394	-0.0009635932566
-37.56853394	-0.001336532447
-37.55853394	-0.001625452578
-37.54853394	-0.001811698684
-37.53853394	-0.00188306459
-37.52853394	-0.001834608092
-37.51853394	-0.001669008285
-37.50853394	-0.0013964385
-37.49853394	-0.001033959031
-37.48853394	-0.0006044646386
-37.47853394	-0.0001352507197
-37.46853394	0.0003437129207
-37.45853394	0.000801692116
-37.44853394	0.001209160797
-37.43853394	0.001539709308
-37.42853394	0.001771764991
-37.41853394	0.001890012438
-37.40853394	0.001886419171
-37.39853394	0.0017607972
-37.38853394	0.001520860329
-37.37853394	0.001181769432
-37.36853394	0.0007651911013
-37.35853394	0.0002979269451
-37.34853394	-0.0001898007019
-37.33853394	-0.000666297724
-37.32853394	-0.001100456578
-37.31853394	-0.001463790509
-37.30853394	-0.001732310446
-37.29853394	-0.00188812046
-37.28853394	-0.001920624991
-37.27853394	-0.001827265542
-37.26853394	-0.001613734686
-37.25853394	-0.00129364915
-37.24853394	-0.0008876991547
-37.23853394	-0.0004223259003
-37.22853394	7.198933172e-05
-37.21853394	0.0005627145627
-37.20853394	0.001017405673
-37.19853394	0.001405853765
-37.18853394	0.001702099119
-37.17853394	0.001886177059
-37.16853394	0.001945477681
-37.15853394	0.001875625947
-37.14853394	0.001680819775
-37.13853394	0.001373599297
-37.12853394	0.0009740581563
-37.11853394	0.0005085450994
-37.10853394	7.93862949e-06
-37.09853394	-0.0004943931943
-37.08853394	-0.0009648136035
-37.07853394	-0.001371671085
-37.06853394	-0.001687435378
-37.05853394	-0.001890570992
-37.04853394	-0.001967020097
-37.03853394	-0.001911191813
-37.02853394	-0.001726387285
-37.01853394	-0.001424627402
-37.00853394	-0.001025890107
-36.99853394	-0.0005568042487
-36.98853394	-4.88841727e-05
-36.97853394	0.0004635788469
-36.96853394	0.0009458279087
-36.95853394	0.001364999046
-36.94853394	0.001692366978
-36.93853394	0.001905324234
-36.92853394	0.001988956639
-36.91853394	0.001937104477
-36.90853394	0.001752832812
-36.89853394	0.001448274184
-36.88853394	0.001043849521
-36.87853394	0.0005669158378
-36.86853394	4.992898935e-05
-36.85853394	-0.0004717560873
-36.84853394	-0.0009622992437
-36.83853394	-0.001387838619
-36.82853394	-0.001718834412
-36.81853394	-0.001932130342
-36.80853394	-0.002012588241
-36.79853394	-0.001954179489
-36.78853394	-0.001760453543
-36.77853394	-0.001444346251
-36.76853394	-0.001027336129
-36.75853394	-0.0005380020957
-36.74853394	-1.007823077e-05
-36.73853394	0.0005198630322
-36.72853394	0.001014940842
-36.71853394	0.001440534303
-36.70853394	0.001766710367
-36.69853394	0.001970340579
-36.68853394	0.002036756256
-36.67853394	0.001960822681
-36.66853394	0.001747352554
-36.65853394	0.00141082459
-36.64853394	0.0009744216633
-36.63853394	0.0004684508427
-36.62853394	-7.174829074e-05
-36.61853394	-0.0006082636726
-36.60853394	-0.001103268535
-36.59853394	-0.001521690892
-36.58853394	-0.001833706224
-36.57853394	-0.002016875728
-36.56853394	-0.002057776033
-36.55853394	-0.001953000975
-36.54853394	-0.00170945955
-36.53853394	-0.001343943475
-36.52853394	-0.0008819894866
-36.51853394	-0.000356111909
-36.50853394	0.0001964734488
-36.49853394	0.0007364756929
-36.48853394	0.001225320777
-36.47853394	0.001627910777
-36.46853394	0.001915152926
-36.45853394	0.002066075608
-36.44853394	0.002069376503
-36.43853394	0.001924287514
-36.42853394	0.001640689113
-36.41853394	0.001238460183
-36.40853394	0.0007461042615
-36.39853394	0.0001987456158
-36.38853394	-0.0003643652094
-36.37853394	-0.0009026600994
-36.36853394	-0.001377175845
-36.35853394	-0.001753379935
-36.34853394	-0.0020036944
-36.33853394	-0.002109532553
-36.32853394	-0.002062697194
-36.31853394	-0.001866033927
-36.30853394	-0.001533286437
-36.29853394	-0.001088158178
-36.28853394	-0.0005626427645
-36.27853394	5.260818294e-06
-36.26853394	0.0005742861669
-36.25853394	0.001102894082
-36.24853394	0.001552306906
-36.23853394	0.001889360851
-36.22853394	0.002088966039
-36.21853394	0.002135990909
-36.20853394	0.002026428347
-36.19853394	0.001767752431
-36.18853394	0.00137843343
-36.17853394	0.0008866403613
-36.16853394	0.0003282205548
-36.15853394	-0.0002559002659
-36.14853394	-0.0008227098602
-36.13853394	-0.001330275209
-36.12853394	-0.001740849297
-36.11853394	-0.002023688509
-36.10853394	-0.002157369669
-36.09853394	-0.002131431091
-36.08853394	-0.001947210691
-36.07853394	-0.001617812815
-36.06853394	-0.001167199673
-36.05853394	-0.000628468422
-36.04853394	-4.143615381e-05
-36.03853394	0.0005502922555
-36.02853394	0.001102558399
-36.01853394	0.001573947226
-36.00853394	0.001928900383
-35.99853394	0.002140411477
-35.98853394	0.002192098084
-35.97853394	0.002079490359
-35.96853394	0.001810433557
-35.95853394	0.001404567562
-35.94853394	0.0008919156237
-35.93853394	0.0003106818947
-35.92853394	-0.0002955821456
-35.91853394	-0.0008812333247
-35.90853394	-0.001401971748
-35.89853394	-0.001818196784
-35.88853394	-0.002098029519
-35.87853394	-0.002219770273
-35.86853394	-0.002173600612
-35.85853394	-0.001962395048
-35.84853394	-0.001601574088
-35.83853394	-0.001118002611
-35.82853394	-0.0005480102523
-35.81853394	6.53220335e-05
-35.80853394	0.0006754078467
-35.79853394	0.001235689977
-35.78853394	0.001703195985
-35.77853394	0.00204184308
-35.76853394	0.002225237505
-35.75853394	0.002238750273
-35.74853394	0.002080704667
-35.73853394	0.001762577777
-35.72853394	0.001308193178
-35.71853394	0.000751959296
-35.70853394	0.0001362818418
-35.69853394	-0.0004916565622
-35.68853394	-0.001083506066
-35.67853394	-0.001593472983
-35.66853394	-0.00198187019
-35.65853394	-0.002218218814
-35.64853394	-0.002283657881
-35.63853394	-0.00217247015
-35.62853394	-0.001892599279
-35.61853394	-0.001465110652
-35.60853394	-0.0009226298603
-35.59853394	-0.0003068725564
-35.58853394	0.0003345489397
-35.57853394	0.0009517990452
-35.56853394	0.001496689633
-35.55853394	0.001926447615
-35.54853394	0.002207084475
-35.53853394	0.002316101483
-35.52853394	0.002244314044
-35.51853394	0.001996645805
-35.50853394	0.001591822616
-35.49853394	0.00106098214
-35.48853394	0.0004453001769
-35.47853394	-0.0002071871577
-35.46853394	-0.000845321483
-35.45853394	-0.001418830422
-35.44853394	-0.001882292345
-35.43853394	-0.002198744657
-35.42853394	-0.002342648235
-35.41853394	-0.002301969069
-35.40853394	-0.002079205963
-35.39853394	-0.001691275138
-35.38853394	-0.001168252358
-35.37853394	-0.0005510637915
-35.36853394	0.0001116990357
-35.35853394	0.000767593792
-35.34853394	0.001364472925
-35.33853394	0.001854632976
-35.32853394	0.002198637308
-35.31853394	0.002368505193
-35.30853394	0.002350008204
-35.29853394	0.002143883962
-35.28853394	0.001765862205
-35.27853394	0.001245492265
-35.26853394	0.0006238568731
-35.25853394	-4.965284149e-05
-35.24853394	-0.000721249598
-35.23853394	-0.001337040618
-35.22853394	-0.001847354912
-35.21853394	-0.002210759619
-35.20853394	-0.002397439974
-35.19853394	-0.002391665988
-35.18853394	-0.002193140276
-35.17853394	-0.001817109974
-35.16853394	-0.001293224538
-35.15853394	-0.0006632223778
-35.14853394	2.237528822e-05
-35.13853394	0.0007083031373
-35.12853394	0.001339001284
-35.11853394	0.00186311794
-35.10853394	0.002237700203
-35.09853394	0.002431730288
-35.08853394	0.002428714879
-35.07853394	0.002228109898
-35.06853394	0.001845456027
-35.05853394	0.00131120434
-35.04853394	0.0006683181094
-35.03853394	-3.116254914e-05
-35.02853394	-0.0007303202118
-35.01853394	-0.001371986137
-35.00853394	-0.001903417275
-34.99853394	-0.002280641573
-34.98853394	-0.002472112881
-34.97853394	-0.002461370418
-34.96853394	-0.002248477028
-34.95853394	-0.001850108916
-34.94853394	-0.001298279455
-34.93853394	-0.000637791983
-34.92853394	7.737799971e-05
-34.91853394	0.0007884808351
-34.90853394	0.001436813741
-34.89853394	0.00196856978
-34.88853394	0.00233931409
-34.87853394	0.002517714241
-34.86853394	0.002488210235
-34.85853394	0.002252394995
-34.84853394	0.001828981213
-34.83853394	0.001252346794
-34.82853394	0.0005697691859
-34.81853394	-0.0001624312045
-34.80853394	-0.0008835256567
-34.79853394	-0.001533409598
-34.78853394	-0.00205761633
-34.77853394	-0.002411893576
-34.76853394	-0.00256595745
-34.75853394	-0.00250610401
-34.74853394	-0.002236451453
-34.73853394	-0.001778698773
-34.72853394	-0.001170410052
-34.71853394	-0.0004619572381
-34.70853394	0.0002876320453
-34.69853394	0.001015581105
-34.68853394	0.001660618439
-34.67853394	0.002168140246
-34.66853394	0.0024948459
-34.65853394	0.002612451872
-34.64853394	0.002510164068
-34.63853394	0.002195690659
-34.62853394	0.001694698974
-34.61853394	0.001048750747
-34.60853394	0.0003118790384
-34.59853394	-0.0004539134917
-34.58853394	-0.00118386155
-34.57853394	-0.001815913118
-34.56853394	-0.002296011556
-34.55853394	-0.002582733779
-34.54853394	-0.00265088542
-34.53853394	-0.002493739297
-34.52853394	-0.002123716464
-34.51853394	-0.001571440154
-34.50853394	-0.000883231121
-34.49853394	-0.0001172465195
-34.48853394	0.0006614180402
-34.47853394	0.001386252289
-34.46853394	0.001995013045
-34.45853394	0.002435078606
-34.44853394	0.002668014486
-34.43853394	0.002672953057
-34.42853394	0.002448488117
-34.41853394	0.002012910525
-34.40853394	0.001402752218
-34.39853394	0.0006697511763
-34.38853394	-0.0001235131766
-34.37853394	-0.0009089480234
-34.36853394	-0.001618786408
-34.35853394	-0.00219143757
-34.34853394	-0.002576843141
-34.33853394	-0.002740872482
-34.32853394	-0.002668369718
-34.31853394	-0.002364578536
-34.30853394	-0.001854809094
-34.29853394	-0.001182362717
-34.28853394	-0.0004048813627
-34.27853394	0.0004105729365
-34.26853394	0.001193290544
-34.25853394	0.0018750429
-34.24853394	0.002396036578
-34.23853394	0.002710172687
-34.22853394	0.002789147836
-34.21853394	0.002625030081
-34.20853394	0.002231073449
-34.19853394	0.001640686534
-34.18853394	0.0009046314807
-34.17853394	8.668513225e-05
-34.16853394	-0.0007418691896
-34.15853394	-0.001508445258
-34.14853394	-0.002145513881
-34.13853394	-0.002596562018
-34.12853394	-0.002821124429
-34.11853394	-0.002798438436
-34.10853394	-0.002529389719
-34.09853394	-0.002036564895
-34.08853394	-0.001362391877
-34.07853394	-0.0005655175795
-34.06853394	0.0002842706684
-34.05853394	0.001112142405
-34.04853394	0.001844808715
-34.03853394	0.002417015452
-34.02853394	0.002777369401
-34.01853394	0.002892976093
-34.00853394	0.002752468977
-33.99853394	0.002367148939
-33.98853394	0.001770118584
-33.97853394	0.001013472976
-33.96853394	0.0001637819287
-33.95853394	-0.0007037470604
-33.94853394	-0.001511915314
-33.93853394	-0.002188402591
-33.92853394	-0.002672248664
-33.91853394	-0.002919365236
-33.90853394	-0.002906578331
-33.89853394	-0.002633828502
-33.88853394	-0.002124317913
-33.87853394	-0.001422575439
-33.86853394	-0.0005905972788
-33.85853394	0.0002976055376
-33.84853394	0.001162575574
-33.83853394	0.001926511939
-33.82853394	0.002520273434
-33.81853394	0.002889651196
-33.80853394	0.003000340613
-33.79853394	0.002841154631
-33.78853394	0.002425175294
-33.77853394	0.001788723792
-33.76853394	0.0009882252592
-33.75853394	9.523539893e-05
-33.74853394	-0.0008099355115
-33.73853394	-0.001645435098
-33.72853394	-0.002335271195
-33.71853394	-0.002816234652
-33.70853394	-0.003043711168
-33.69853394	-0.002995846139
-33.68853394	-0.002675671584
-33.67853394	-0.002110986111
-33.66853394	-0.001351981484
-33.65853394	-0.0004668144071
-33.64853394	0.00046448902
-33.63853394	0.001357253454
-33.62853394	0.002129849171
-33.61853394	0.002711162883
-33.60853394	0.003047160325
-33.59853394	0.003105933611
-33.58853394	0.002880759858
-33.57853394	0.00239087563
-33.56853394	0.00167987848
-33.55853394	0.0008118837198
-33.54853394	-0.0001342284432
-33.53853394	-0.001071962045
-33.52853394	-0.00191510478
-33.51853394	-0.002585657189
-33.50853394	-0.00302106224
-33.49853394	-0.003180064137
-33.48853394	-0.003046645762
-33.47853394	-0.002631666654
-33.46853394	-0.001972032394
-33.45853394	-0.001127452778
-33.44853394	-0.0001750694959
-33.43853394	0.0007975665454
-33.42853394	0.001700531279
-33.41853394	0.00244984062
-33.40853394	0.002975272431
-33.39853394	0.003226967988
-33.38853394	0.003180190696
-33.37853394	0.002837785546
-33.36853394	0.002230092648
-33.35853394	0.001412302818
-33.34853394	0.0004594811624
-33.33853394	-0.0005402962056
-33.32853394	-0.001494067533
-33.31853394	-0.002312624958
-33.30853394	-0.002918865876
-33.29853394	-0.003255073784
-33.28853394	-0.003288439602
-33.27853394	-0.003014293046
-33.26853394	-0.00245672345
-33.25853394	-0.001666511145
-33.24853394	-0.0007165419339
-33.23853394	0.0003048852213
-33.22853394	0.00130224589
-33.21853394	0.002181716054
-33.20853394	0.002860003053
-33.19853394	0.003272250162
-33.18853394	0.003378263358
-33.17853394	0.00316646033
-33.16853394	0.00265515129
-33.15853394	0.001891009407
-33.14853394	0.0009448527473
-33.13853394	-9.488542092e-05
-33.12853394	-0.001130399274
-33.11853394	-0.002063700136
-33.10853394	-0.002805890993
-33.09853394	-0.003285648011
-33.08853394	-0.003456098753
-33.07853394	-0.003299431753
-33.06853394	-0.002828781636
-33.05853394	-0.002087188723
-33.04853394	-0.001143708376
-33.03853394	-8.701709973e-05
-33.02853394	0.0009828963265
-33.01853394	0.001964178795
-33.00853394	0.00276280867
-32.99853394	0.003301616707
-32.98853394	0.003527765641
-32.97853394	0.003417961571
-32.96853394	0.002980880607
-32.95853394	0.002256556028
-32.94853394	0.0013127598
-32.93853394	0.0002387004547
-32.92853394	-0.0008633806459
-32.91853394	-0.001887925961
-32.90853394	-0.002736169634
-32.89853394	-0.003325669142
-32.88853394	-0.00359834007
-32.87853394	-0.003526209109
-32.86853394	-0.003114312934
-32.85853394	-0.002400440368
-32.84853394	-0.001451716646
-32.83853394	-0.0003583331072
-32.82853394	0.0007749962763
-32.81853394	0.001839045442
-32.80853394	0.002730598827
-32.79853394	0.003362472926
-32.78853394	0.003672063136
-32.77853394	0.003627576231
-32.76853394	0.003231325481
-32.75853394	0.002519744564
-32.74853394	0.001560091588
-32.73853394	0.0004441356043
-32.72853394	-0.0007205863324
-32.71853394	-0.001821112035
-32.70853394	-0.002750004379
-32.69853394	-0.003415848132
-32.68853394	-0.003752267315
-32.67853394	-0.003724571836
-32.66853394	-0.003333365313
-32.65853394	-0.002614736428
-32.64853394	-0.001636986378
-32.63853394	-0.0004941829993
-32.62853394	0.000702854924
-32.61853394	0.001837282714
-32.60853394	0.002797628587
-32.59853394	0.003488755058
-32.58853394	0.003841304604
-32.57853394	0.003818690039
-32.56853394	0.003420922492
-32.55853394	0.002684874033
-32.54853394	0.001680918749
-32.53853394	0.0005062517806
-32.52853394	-0.0007244844901
-32.51853394	-0.001890366851
-32.50853394	-0.002876065116
-32.49853394	-0.003583258468
-32.48853394	-0.003940463726
-32.47853394	-0.00391029134
-32.46853394	-0.003493389977
-32.45853394	-0.002728661113
-32.44853394	-0.001689690218
-32.43853394	-0.0004777151661
-32.42853394	0.0007882014465
-32.41853394	0.001982846024
-32.40853394	0.002987231712
-32.39853394	0.003700457583
-32.38853394	0.004049866814
-32.37853394	0.003998479343
-32.36853394	0.003548936035
-32.35853394	0.00274353131
-32.34853394	0.001660296801
-32.33853394	0.0004054916897
-32.32853394	-0.0008967829679
-32.31853394	-0.002116834921
-32.30853394	-0.003132289679
-32.29853394	-0.003840373848
-32.28853394	-0.004168339343
-32.27853394	-0.004080969275
-32.26853394	-0.003584388345
-32.25853394	-0.002725763359
-32.24853394	-0.001588887378
-32.23853394	-0.0002860538193
-32.22853394	0.001052997058
-32.21853394	0.002293975385
-32.20853394	0.00331150315
-32.19853394	0.004001791429
-32.18853394	0.004293250895
-32.17853394	0.004153948862
-32.16853394	0.003595133326
-32.15853394	0.002670433392
-32.14853394	0.001470777768
-32.13853394	0.0001155055812
-32.12853394	-0.001259467171
-32.11853394	-0.002515256305
-32.10853394	-0.003524033253
-32.09853394	-0.004182048739
-32.08853394	-0.004420328615
-32.07853394	-0.004211937026
-32.06853394	-0.00357503924
-32.05853394	-0.002571415094
-32.04853394	-0.001300532245
-32.03853394	0.0001102595074
-32.02853394	0.001518451924
-32.01853394	0.002780752971
-32.00853394	0.003767664912
-31.99853394	0.004376783343
-31.98853394	0.004543450387
-31.97853394	0.004247651458
-31.96853394	0.003516417149
-31.95853394	0.002421443316
-31.94853394	0.001072127858
-31.93853394	-0.0003953068853
-31.92853394	-0.001831530331
-31.91853394	-0.003089281439
-31.90853394	-0.004038467729
-31.89853394	-0.004579637791
-31.88853394	-0.004654430799
-31.87853394	-0.00425190256
-31.86853394	-0.003410039811
-31.85853394	-0.002212261662
-31.84853394	-0.0007792201952
-31.83853394	0.0007433012564
-31.82853394	0.00219918405
-31.81853394	0.003437966681
-31.80853394	0.004330397537
-31.79853394	0.004781940447
-31.78853394	0.004742820263
-31.77853394	0.004213538366
-31.76853394	0.003245244837
-31.75853394	0.0019348792
-31.74853394	0.0004155316285
-31.73853394	-0.001157024407
-31.72853394	-0.002620270914
-31.71853394	-0.003821728489
-31.70853394	-0.004634852303
-31.69853394	-0.004972383587
-31.68853394	-0.004795746068
-31.67853394	-0.004119472794
-31.66853394	-0.00301015453
-31.65853394	-0.001579965126
-31.64853394	2.461609201e-05
-31.63853394	0.001637758418
-31.62853394	0.003091389181
-31.61853394	0.004232696685
-31.60853394	0.004940205289
-31.59853394	0.005136730991
-31.58853394	0.004797833615
-31.57853394	0.003954837475
-31.56853394	0.002692050216
-31.55853394	0.001138412374
-31.54853394	-0.0005456045274
-31.53853394	-0.002184527261
-31.52853394	-0.003606140215
-31.51853394	-0.004659577812
-31.50853394	-0.005231350205
-31.49853394	-0.005257598872
-31.48853394	-0.004731256277
-31.47853394	-0.003703304898
-31.46853394	-0.00227794265
-31.45853394	-0.0006021006949
-31.44853394	0.001149640968
-31.43853394	0.002793198552
-31.42853394	0.004154309188
-31.41853394	0.005087009224
-31.40853394	0.005489307169
-31.39853394	0.005314366882
-31.38853394	0.004575972397
-31.37853394	0.003347636595
-31.36853394	0.001755381191
-31.35853394	-3.511447478e-05
-31.34853394	-0.001835694232
-31.33853394	-0.003455460616
-31.32853394	-0.004720999569
-31.31853394	-0.005494953686
-31.30853394	-0.005690954606
-31.29853394	-0.005283289377
-31.28853394	-0.004310216888
-31.27853394	-0.002870513341
-31.26853394	-0.001113541299
-31.25853394	0.0007761703354
-31.24853394	0.002598252205
-31.23853394	0.004157708597
-31.22853394	0.005285777679
-31.21853394	0.005858207758
-31.20853394	0.005808969627
-31.19853394	0.005137889719
-31.18853394	0.003911321015
-31.17853394	0.002255702984
-31.16853394	0.0003446210137
-31.15853394	-0.001619321052
-31.14853394	-0.003425930637
-31.13853394	-0.004879897673
-31.12853394	-0.005821908326
-31.11853394	-0.006146119566
-31.10853394	-0.005812076712
-31.09853394	-0.004849730389
-31.08853394	-0.003356935179
-31.07853394	-0.00148961357
-31.06853394	0.0005544396231
-31.05853394	0.002556440644
-31.04853394	0.004299991109
-31.03853394	0.00559445131
-31.02853394	0.006295790566
-31.01853394	0.0063226344
-31.00853394	0.005665719314
-30.99853394	0.004389656422
-30.98853394	0.002626723319
-30.97853394	0.0005632624588
-30.96853394	-0.001579928299
-30.95853394	-0.003571159601
-30.94853394	-0.005192861653
-30.93853394	-0.00626534709
-30.92853394	-0.006666732178
-30.91853394	-0.006346807469
-30.90853394	-0.005333278477
-30.89853394	-0.003729606199
-30.88853394	-0.001704580953
-30.87853394	0.0005253360312
-30.86853394	0.002719068457
-30.85853394	0.004636932269
-30.84853394	0.006066795596
-30.83853394	0.006847540017
-30.82853394	0.006887229615
-30.81853394	0.006173938506
-30.80853394	0.004777962849
-30.79853394	0.002845068247
-30.78853394	0.0005813990888
-30.77853394	-0.001768403311
-30.76853394	-0.003947563259
-30.75853394	-0.005715182338
-30.74853394	-0.006872850488
-30.73853394	-0.007286920029
-30.72853394	-0.006903942876
-30.71853394	-0.005757488305
-30.70853394	-0.003965481335
-30.69853394	-0.00171823189
-30.68853394	0.000741649358
-30.67853394	0.003145343892
-30.66853394	0.00522713251
-30.65853394	0.006753730243
-30.64853394	0.007550415865
-30.63853394	0.007521031869
-30.62853394	0.006659566574
-30.61853394	0.005051927443
-30.60853394	0.002867578506
-30.59853394	0.0003418300762
-30.58853394	-0.00224938669
-30.57853394	-0.00461957088
-30.56853394	-0.006503267134
-30.55853394	-0.007685764383
-30.54853394	-0.008027560107
-30.53853394	-0.007480805075
-30.52853394	-0.006095793063
-30.51853394	-0.004016636834
-30.50853394	-0.001466459875
-30.49853394	0.00127639723
-30.48853394	0.003908636426
-30.47853394	0.006135452575
-30.46853394	0.007703496295
-30.45853394	0.008429670969
-30.44853394	0.008222495188
-30.43853394	0.007093541811
-30.42853394	0.005157534104
-30.41853394	0.002620923542
-30.40853394	-0.0002399431237
-30.39853394	-0.003108780529
-30.38853394	-0.005664215597
-30.37853394	-0.00761570673
-30.36853394	-0.008736527175
-30.35853394	-0.008890075301
-30.34853394	-0.008046463897
-30.33853394	-0.006287382263
-30.32853394	-0.003798508018
-30.31853394	-0.0008501304909
-30.30853394	0.00223201923
-30.29853394	0.005102605472
-30.28853394	0.007435267542
-30.27853394	0.00895964587
-30.26853394	0.009492664512
-30.25853394	0.008960458197
-30.24853394	0.007408326542
-30.23853394	0.00499740359
-30.22853394	0.001988206216
-30.21853394	-0.001287293232
-30.20853394	-0.004462103046
-30.19853394	-0.007175180379
-30.18853394	-0.009112376636
-30.17853394	-0.01004273095
-30.16853394	-0.009845930122
-30.15853394	-0.00852768095
-30.14853394	-0.006221053009
-30.13853394	-0.003173404223
-30.12853394	0.0002798721238
-30.11853394	0.003752025651
-30.10853394	0.006848069097
-30.09853394	0.009209556414
-30.08853394	0.01055596189
-30.07853394	0.01071789932
-30.06853394	0.009658261934
-30.05853394	0.007478665928
-30.04853394	0.004410204035
-30.03853394	0.000789282385
-30.02853394	-0.002978974277
-30.01853394	-0.006465802476
-30.00853394	-0.009267378568
-29.99853394	-0.01105141765
-29.98853394	-0.01159643728
-29.97853394	-0.01081906613
-29.96853394	-0.008786054238
-29.95853394	-0.005709324737
-29.94853394	-0.001924312411
-29.93853394	0.002146250395
-29.92853394	0.006039233413
-29.91853394	0.009303527942
-29.90853394	0.01155208639
-29.89853394	0.01250760794
-29.88853394	0.01203650453
-29.87853394	0.01016701629
-29.86853394	0.007089079371
-29.85853394	0.003135593342
-29.84853394	-0.001253136549
-29.83853394	-0.005578038187
-29.82853394	-0.009337666906
-29.81853394	-0.01208602608
-29.80853394	-0.01348518609
-29.79853394	-0.0133465304
-29.78853394	-0.01165563287
-29.77853394	-0.00857754701
-29.76853394	-0.004441473217
-29.75853394	0.0002938760686
-29.74853394	0.005090638646
-29.73853394	0.009392423575
-29.72853394	0.0126884147
-29.71853394	0.01457362396
-29.70853394	0.01479823759
-29.69853394	0.01330009497
-29.68853394	0.01021614944
-29.67853394	0.005871092951
-29.66853394	0.0007439240003
-29.65853394	-0.004584190639
-29.64853394	-0.009495163751
-29.63853394	-0.01340509363
-29.62853394	-0.01583311944
-29.61853394	-0.01645997628
-29.60853394	-0.01516919215
-29.59853394	-0.01206570281
-29.58853394	-0.007469146223
-29.57853394	-0.001881965521
-29.56853394	0.004064623387
-29.55853394	0.009681092908
-29.54853394	0.01429872721
-29.53853394	0.01734842669
-29.52853394	0.01843000539
-29.51853394	0.01736364666
-29.50853394	0.01421702556
-29.49853394	0.009304254708
-29.48853394	0.003155979257
-29.47853394	-0.003536716337
-29.46853394	-0.009998802134
-29.45853394	-0.01545986609
-29.44853394	-0.01924476457
-29.43853394	-0.02085583612
-29.42853394	-0.02003681891
-29.41853394	-0.01681044146
-29.40853394	-0.01148447412
-29.39853394	-0.004624539434
-29.38853394	0.003004202142
-29.37853394	0.0105206809
-29.36853394	0.01702791283
-29.35853394	0.02171821187
-29.34853394	0.02397149133
-29.33853394	0.02343492233
-29.32853394	0.02007398725
-29.31853394	0.01418795262
-29.30853394	0.006386683667
-29.29853394	-0.002469886536
-29.28853394	-0.0113639272
-29.27853394	-0.01923392347
-29.26853394	-0.02509841898
-29.25853394	-0.02817519438
-29.24853394	-0.02798178248
-29.23853394	-0.02440484242
-29.22853394	-0.01772904033
-29.21853394	-0.008620407785
-29.20853394	0.001935777905
-29.19853394	0.01273728005
-29.18853394	0.02249717614
-29.17853394	0.02999204395
-29.16853394	0.03420954491
-29.15853394	0.03447823996
-29.14853394	0.03056375928
-29.13853394	0.02271860155
-29.12853394	0.01167757893
-29.11853394	-0.001403221168
-29.10853394	-0.0150597318
-29.09853394	-0.02767507489
-29.08853394	-0.03766095381
-29.07853394	-0.04364588113
-29.06853394	-0.04464911691
-29.05853394	-0.04021974009
-29.04853394	-0.03052314204
-29.03853394	-0.01636219664
-29.02853394	0.0008730321589
-29.01853394	0.01932559422
-29.00853394	0.03685273393
-28.99853394	0.05125137552
-28.98853394	0.06050595327
-28.97853394	0.06303296199
-28.96853394	0.0578956326
-28.95853394	0.04496396797
-28.94853394	0.02499991978
-28.93853394	-0.0003456300003
-28.92853394	-0.02862884151
-28.91853394	-0.05679716953
-28.90853394	-0.08144789633
-28.89853394	-0.09913870311
-28.88853394	-0.1067217748
-28.87853394	-0.1016693613
-28.86853394	-0.08235829015
-28.85853394	-0.04828377941
-28.84853394	-0.0001788340207
-28.83853394	0.05997599702
-28.82853394	0.1290574727
-28.81853394	0.2030130763
-28.80853394	0.2771662716
-28.79853394	0.3465876093
-28.78853394	0.4064988087
-28.77853394	0.4526731499
-28.76853394	0.4817952612
-28.75853394	0.492959624
-28.74853394	0.4817906046
-28.73853394	0.4526372495
-28.72853394	0.4063849901
-28.71853394	0.346340927
-28.70853394	0.2767384661
-28.69853394	0.2023778578
-28.68853394	0.1282231392
-28.67853394	0.05899272061
-28.66853394	-0.001218938303
-28.65853394	-0.04925455179
-28.64853394	-0.08311482881
-28.63853394	-0.1020688732
-28.62853394	-0.1066470505
-28.61853394	-0.09852062586
-28.60853394	-0.08028325465
-28.59853394	-0.05515847586
-28.58853394	-0.02666382823
-28.57853394	0.001734515793
-28.56853394	0.02694289798
-28.55853394	0.04650696831
-28.54853394	0.05880048656
-28.53853394	0.06312118459
-28.52853394	0.05968868209
-28.51853394	0.04954957524
-28.50853394	0.03440407871
-28.49853394	0.0163760563
-28.48853394	-0.00224680253
-28.47853394	-0.01927395434
-28.46853394	-0.03284655602
-28.45853394	-0.04162204664
-28.44853394	-0.04489156577
-28.43853394	-0.04262097633
-28.42853394	-0.03541490844
-28.41853394	-0.02441162006
-28.40853394	-0.01112368243
-28.39853394	0.002755205871
-28.38853394	0.01555410591
-28.37853394	0.02581605561
-28.36853394	0.03245564177
-28.35853394	0.03486659329
-28.34853394	0.03296935613
-28.33853394	0.02719580133
-28.32853394	0.01841546663
-28.31853394	0.007814222882
-28.30853394	-0.003258720184
-28.29853394	-0.01345652105
-28.28853394	-0.02159341666
-28.27853394	-0.02677825091
-28.26853394	-0.02850820192
-28.25853394	-0.02671322282
-28.24853394	-0.02174777408
-28.23853394	-0.01433269076
-28.22853394	-0.005455763671
-28.21853394	0.00375583043
-28.20853394	0.01217523332
-28.19853394	0.01881081006
-28.18853394	0.02292041631
-28.17853394	0.02409211714
-28.16853394	0.02228280951
-28.15853394	0.01781144781
-28.14853394	0.0113090616
-28.13853394	0.003632833039
-28.12853394	-0.004244422869
-28.11853394	-0.01135541352
-28.10853394	-0.01685531277
-28.09853394	-0.02012055511
-28.08853394	-0.02081809141
-28.07853394	-0.0189375647
-28.06853394	-0.01478351901
-28.05853394	-0.008929638964
-28.04853394	-0.002141544286
-28.03853394	0.004721705066
-28.02853394	0.01081491454
-28.01853394	0.0154096298
-28.00853394	0.01798019226
-27.99853394	0.01826291852
-27.98853394	0.01628184292
-27.97853394	0.01233867592
-27.96853394	0.006969036855
-27.95853394	0.000871079873
-27.94853394	-0.005184138183
-27.93853394	-0.01044917542
-27.92853394	-0.0142916392
-27.91853394	-0.01626944361
-27.90853394	-0.0161810088
-27.89853394	-0.01408477308
-27.88853394	-0.01028626576
-27.87853394	-0.005295003644
-27.86853394	0.0002428655166
-27.85853394	0.005627385404
-27.84853394	0.01019256104
-27.83853394	0.01338815127
-27.82853394	0.01484550314
-27.81853394	0.01441960297
-27.80853394	0.01220259936
-27.79853394	0.008507663663
-27.78853394	0.003825740603
-27.77853394	-0.001238951029
-27.76853394	-0.00604628119
-27.75853394	-0.01000060224
-27.74853394	-0.01262413589
-27.73853394	-0.0136143576
-27.72853394	-0.01287852226
-27.71853394	-0.01054143033
-27.70853394	-0.006925925407
-27.69853394	-0.002509015342
-27.68853394	0.002140503159
-27.67853394	0.006434826889
-27.66853394	0.009841077393
-27.65853394	0.01194712593
-27.64853394	0.01251121358
-27.63853394	0.01148941761
-27.62853394	0.00903787548
-27.61853394	0.005489882483
-27.60853394	0.001311121829
-27.59853394	-0.002961023278
-27.58853394	-0.006786218872
-27.57853394	-0.009689237601
-27.56853394	-0.01131878429
-27.55853394	-0.01148983096
-27.54853394	-0.01020437731
-27.53853394	-0.007648335991
-27.52853394	-0.004165277492
-27.51853394	-0.0002106716379
-27.50853394	0.003707330456
-27.49853394	0.007092915877
-27.48853394	0.009525143753
-27.47853394	0.01071012996
-27.46853394	0.01051642904
-27.45853394	0.0089893662
-27.44853394	0.006342787346
-27.43853394	0.002929570331
-27.42853394	-0.0008050892118
-27.41853394	-0.004381473963
-27.40853394	-0.007346752332
-27.39853394	-0.009332161273
-27.38853394	-0.01009876038
-27.37853394	-0.009566090741
-27.36853394	-0.007820310464
-27.35853394	-0.005101026696
-27.34853394	-0.001768760371
-27.33853394	0.00174258004
-27.32853394	0.004981983405
-27.31853394	0.007539104177
-27.30853394	0.009096133256
-27.29853394	0.009467226082
-27.28853394	0.008620602813
-27.27853394	0.006680700398
-27.26853394	0.003910331385
-27.25853394	0.0006753577765
-27.24853394	-0.002603405244
-27.23853394	-0.00550475968
-27.22853394	-0.007661112824
-27.21853394	-0.008804976538
-27.20853394	-0.008802102994
-27.19853394	-0.007667155559
-27.18853394	-0.005560094428
-27.17853394	-0.002763948124
-27.16853394	0.0003529770488
-27.15853394	0.003385431296
-27.14853394	0.005943777868
-27.13853394	0.007703971349
-27.12853394	0.00844855633
-27.11853394	0.008093503191
-27.10853394	0.00669757082
-27.09853394	0.004453167633
-27.08853394	0.00166007503
-27.07853394	-0.001314407451
-27.06853394	-0.004083619466
-27.05853394	-0.006291702965
-27.04853394	-0.007659274683
-27.03853394	-0.00801875197
-27.02853394	-0.007334866595
-27.01853394	-0.005707856315
-27.00853394	-0.003359086505
-26.99853394	-0.0006011290304
-26.98853394	0.002203681262
-26.97853394	0.004690736233
-26.96853394	0.006540479514
-26.95853394	0.00751943229
-26.94853394	0.007509655612
-26.93853394	0.006522930805
-26.92853394	0.004697954918
-26.91853394	0.002281068053
-26.90853394	-0.0004068358222
-26.89853394	-0.003012789871
-26.88853394	-0.005198018603
-26.87853394	-0.006681931454
-26.86853394	-0.007278137649
-26.85853394	-0.006917860118
-26.84853394	-0.005657805477
-26.83853394	-0.003671596675
-26.82853394	-0.001226025133
-26.81853394	0.001354650771
-26.80853394	0.003731599945
-26.79853394	0.005595843309
-26.78853394	0.006708391492
-26.77853394	0.006930883732
-26.76853394	0.006242798533
-26.75853394	0.004743093265
-26.74853394	0.002636183812
-26.73853394	0.0002042259916
-26.72853394	-0.002230560407
-26.71853394	-0.004348507692
-26.70853394	-0.005874429227
-26.69853394	-0.006613366045
-26.68853394	-0.006475507687
-26.67853394	-0.005487098887
-26.66853394	-0.003786007309
-26.65853394	-0.001602652202
-26.64853394	0.0007710871917
-26.63853394	0.003020802988
-26.62853394	0.004851147831
-26.61853394	0.006024586936
-26.60853394	0.006392230325
-26.59853394	0.005912741373
-26.58853394	0.00465691686
-26.57853394	0.002797439314
-26.56853394	0.0005852614328
-26.55853394	-0.001684163838
-26.54853394	-0.003710275459
-26.53853394	-0.005227174813
-26.52853394	-0.006038515984
-26.51853394	-0.006042937385
-26.50853394	-0.005246737478
-26.49853394	-0.003762206469
-26.48853394	-0.001791934633
-26.47853394	0.000398727581
-26.46853394	0.002517327306
-26.45853394	0.004283302945
-26.44853394	0.005465120375
-26.43853394	0.005910637759
-26.42853394	0.005566714701
-26.41853394	0.004485534269
-26.40853394	0.002816886698
-26.39853394	0.0007875331832
-26.38853394	-0.001329521728
-26.37853394	-0.003251696391
-26.36853394	-0.004724519855
-26.35853394	-0.00555531819
-26.34853394	-0.005638439555
-26.33853394	-0.00496871206
-26.32853394	-0.003641416113
-26.31853394	-0.001838860679
-26.30853394	0.0001945613572
-26.29853394	0.002185437754
-26.28853394	0.003868056831
-26.27853394	0.005019856257
-26.26853394	0.005490872708
-26.25853394	0.005223293359
-26.24853394	0.004258555787
-26.23853394	0.002731122614
-26.22853394	0.0008498449045
-26.21853394	-0.001130515727
-26.20853394	-0.002943733195
-26.19853394	-0.00434788039
-26.18853394	-0.005157608617
-26.17853394	-0.00526863538
-26.16853394	-0.004671201616
-26.15853394	-0.003450757201
-26.14853394	-0.001775857326
-26.13853394	0.0001250303458
-26.12853394	0.001994627388
-26.11853394	0.003581629172
-26.10853394	0.004674473788
-26.09853394	0.005129558482
-26.08853394	0.004890137887
-26.07853394	0.003993412449
-26.06853394	0.002564918744
-26.05853394	0.0008010485901
-26.04853394	-0.001057880695
-26.03853394	-0.002760321186
-26.02853394	-0.004077512135
-26.01853394	-0.004834222639
-26.00853394	-0.004932086702
-25.99853394	-0.004362419408
-25.98853394	-0.003206839562
-25.97853394	-0.001625680384
-25.96853394	0.0001641791358
-25.95853394	0.001919006901
-25.94853394	0.003401376245
-25.93853394	0.004412283053
-25.92853394	0.004817877281
-25.91853394	0.004567215447
-25.90853394	0.003698674832
-25.89853394	0.002334218639
-25.88853394	0.0006623528843
-25.87853394	-0.001087854039
-25.86853394	-0.002678116438
-25.85853394	-0.003893356915
-25.84853394	-0.004570801792
-25.83853394	-0.004621808928
-25.82853394	-0.004043496804
-25.81853394	-0.002918644346
-25.80853394	-0.001403933693
-25.79853394	0.0002918057231
-25.78853394	0.001936339748
-25.77853394	0.003305808828
-25.76853394	0.00421519841
-25.75853394	0.004543352792
-25.74853394	0.004249147544
-25.73853394	0.003376656877
-25.72853394	0.002048663767
-25.71853394	0.0004494549779
-25.70853394	-0.001200697724
-25.69853394	-0.00267584356
-25.68853394	-0.003775280527
-25.67853394	-0.004350872717
-25.66853394	-0.004327037132
-25.65853394	-0.003710699074
-25.64853394	-0.002589899954
-25.63853394	-0.001121300903
-25.62853394	0.000491654351
-25.61853394	0.002026881292
-25.60853394	0.003274213585
-25.59853394	0.00406417655
-25.58853394	0.004291035045
-25.57853394	0.003926977953
-25.56853394	0.003025531433
-25.55853394	0.001713780446
-25.54853394	0.0001745175846
-25.53853394	-0.001379181786
-25.52853394	-0.002733427847
-25.51853394	-0.00370295599
-25.50853394	-0.00415648614
-25.49853394	-0.004034528087
-25.48853394	-0.003357213419
-25.47853394	-0.002221118292
-25.46853394	-0.0007855626943
-25.45853394	0.0007496792236
-25.44853394	0.002172146185
-25.43853394	0.003286079121
-25.42853394	0.003939368883
-25.41853394	0.004044351382
-25.40853394	0.003589603398
-25.39853394	0.002641146857
-25.38853394	0.001332939513
-25.37853394	-0.0001519880193
-25.36853394	-0.00160710023
-25.35853394	-0.002831063201
-25.34853394	-0.003655602142
-25.33853394	-0.00396865507
-25.32853394	-0.003729633862
-25.31853394	-0.002974709623
-25.30853394	-0.001811430104
-25.29853394	-0.0004034590178
-25.28853394	0.001052405302
-25.27853394	0.0023537108
-25.26853394	0.003320498083
-25.25853394	0.003820199764
-25.24853394	0.003785845587
-25.23853394	0.003225069071
-25.22853394	0.002218699488
-25.21853394	0.0009091759765
-25.20853394	-0.0005195639746
-25.19853394	-0.001867888539
-25.18853394	-0.002948352283
-25.17853394	-0.003611761266
-25.16853394	-0.003767796868
-25.15853394	-0.003397343879
-25.14853394	-0.002554835247
-25.13853394	-0.001360324418
-25.12853394	1.756919899e-05
-25.11853394	0.001385425904
-25.10853394	0.002552157784
-25.09853394	0.003355703589
-25.08853394	0.00368555684
-25.07853394	0.003497992749
-25.06853394	0.002821891291
-25.05853394	0.001754376464
-25.04853394	0.0004469197358
-25.03853394	-0.0009161113973
-25.02853394	-0.002143427249
-25.01853394	-0.003063656094
-25.00853394	-0.003549285175
-24.99853394	-0.003534355934
-24.98853394	-0.003023453868
-24.97853394	-0.002090762815
-24.96853394	-0.000869352086
-24.95853394	0.0004677642947
-24.94853394	0.001732106238
-24.93853394	0.002746284602
-24.92853394	0.003368895972
-24.91853394	0.003514260239
-24.90853394	0.003164242512
-24.89853394	0.002370523431
-24.88853394	0.00124703158
-24.87853394	-4.636209873e-05
-24.86853394	-0.001326560617
-24.85853394	-0.002413144572
-24.84853394	-0.003153800426
-24.83853394	-0.003445689076
-24.82853394	-0.003249754059
-24.81853394	-0.002595974224
-24.80853394	-0.001578850027
-24.79853394	-0.0003437939184
-24.78853394	0.0009336219045
-24.77853394	0.002072603682
-24.76853394	0.002912720685
-24.75853394	0.003336515906
-24.74853394	0.003285954
-24.73853394	0.002770399206
-24.72853394	0.001865021781
-24.71853394	0.0006998900976
-24.70853394	-0.0005586757697
-24.69853394	-0.00173182119
-24.68853394	-0.002653566082
-24.67853394	-0.003194297096
-24.66853394	-0.003279016394
-24.65853394	-0.002897774174
-24.64853394	-0.002106829038
-24.63853394	-0.001020401099
-24.62853394	0.000205780587
-24.61853394	0.001396772094
-24.60853394	0.00238336239
-24.59853394	0.003026118631
-24.58853394	0.003235111228
-24.57853394	0.002982525239
-24.56853394	0.002306385074
-24.55853394	0.00130488979
-24.54853394	0.0001221951357
-24.53853394	-0.001072305087
-24.52853394	-0.002108224795
-24.51853394	-0.00283849026
-24.50853394	-0.003160236387
-24.49853394	-0.003029323245
-24.48853394	-0.002466420105
-24.47853394	-0.001553813847
-24.46853394	-0.0004234257328
-24.45853394	0.0007622246098
-24.44853394	0.001833365737
-24.43853394	0.002637280231
-24.42853394	0.003060090303
-24.41853394	0.003042913442
-24.40853394	0.002590092384
-24.39853394	0.001768344494
-24.38853394	0.0006969791891
-24.37853394	-0.0004693886323
-24.36853394	-0.00156312948
-24.35853394	-0.002427683808
-24.34853394	-0.002939980622
-24.33853394	-0.003027978486
-24.32853394	-0.002680825524
-24.31853394	-0.001950201045
-24.30853394	-0.0009426715073
-24.29853394	0.0001958151987
-24.28853394	0.001301046205
-24.27853394	0.002214219063
-24.26853394	0.002804763977
-24.25853394	0.002989032041
-24.24853394	0.002742171772
-24.23853394	0.002101503392
-24.22853394	0.001160928843
-24.21853394	5.720788476e-05
-24.20853394	-0.001049899368
-24.19853394	-0.002000743947
-24.18853394	-0.002658811903
-24.17853394	-0.002930339679
-24.16853394	-0.002777700021
-24.15853394	-0.002224643372
-24.14853394	-0.001352660303
-24.13853394	-0.00028901462
-24.12853394	0.0008118010822
-24.11853394	0.001790489274
-24.10853394	0.002505998146
-24.09853394	0.002855863581
-24.08853394	0.002790906701
-24.07853394	0.002322175041
-24.06853394	0.001519143208
-24.05853394	0.0004994569309
-24.04853394	-0.0005882712358
-24.03853394	-0.001586102951
-24.02853394	-0.00234970296
-24.01853394	-0.002769227464
-24.00853394	-0.002785147293
-23.99853394	-0.002396723125
-23.98853394	-0.001661921717
-23.97853394	-0.0006888076509
-23.96853394	0.0003803169559
-23.95853394	0.001389701498
-23.94853394	0.002192830412
-23.93853394	0.002673698292
-23.92853394	0.002763585985
-23.91853394	0.002450908468
-23.90853394	0.001782719016
-23.89853394	0.0008576719034
-23.88853394	-0.0001885098271
-23.87853394	-0.001202925573
-23.86853394	-0.002037835205
-23.85853394	-0.00257218154
-23.84853394	-0.002729160936
-23.83853394	-0.002487288957
-23.82853394	-0.001883362726
-23.81853394	-0.00100690773
-23.80853394	1.305897564e-05
-23.79853394	0.001026996879
-23.78853394	0.001886756038
-23.77853394	0.002467227078
-23.76853394	0.002684562682
-23.75853394	0.002508314212
-23.74853394	0.001965722833
-23.73853394	0.001137556294
-23.72853394	0.000146121274
-23.71853394	-0.0008627744017
-23.70853394	-0.001741252983
-23.69853394	-0.00236104308
-23.68853394	-0.002632223329
-23.67853394	-0.002516292272
-23.66853394	-0.002031661124
-23.65853394	-0.001250781571
-23.64853394	-0.000289349967
-23.63853394	0.0007108084339
-23.62853394	0.001602646842
-23.61853394	0.002255515694
-23.60853394	0.002574314378
-23.59853394	0.002513366531
-23.58853394	0.00208299103
-23.57853394	0.001347819159
-23.56853394	0.000417124711
-23.55853394	-0.0005713912914
-23.54853394	-0.001471958861
-23.53853394	-0.002152232559
-23.52853394	-0.002512751274
-23.51853394	-0.002501501226
-23.50853394	-0.002121446634
-23.49853394	-0.001429933599
-23.48853394	-0.0005300735833
-23.47853394	0.0004446039828
-23.46853394	0.00134994953
-23.45853394	0.002052508585
-23.44853394	0.002449202956
-23.43853394	0.002482473921
-23.42853394	0.002148659643
-23.41853394	0.001498383496
-23.40853394	0.0006289136041
-23.39853394	-0.0003303584034
-23.38853394	-0.001237155555
-23.37853394	-0.001957412705
-23.36853394	-0.00238510498
-23.35853394	-0.002457873578
-23.34853394	-0.002166143129
-23.33853394	-0.001554393628
-23.32853394	-0.0007144154608
-23.31853394	0.0002284348575
-23.30853394	0.001133924326
-23.29853394	0.001867794583
-23.28853394	0.002321674965
-23.27853394	0.002429102945
-23.26853394	0.002175280924
-23.25853394	0.001599133232
-23.24853394	0.0007873740532
-23.23853394	-0.0001385149006
-23.22853394	-0.001040445456
-23.21853394	-0.001784310482
-23.20853394	-0.002259929376
-23.19853394	-0.002397384178
-23.18853394	-0.002177321653
-23.17853394	-0.00163369965
-23.16853394	-0.0008485843615
-23.15853394	6.020962852e-05
-23.14853394	0.0009567791437
-23.13853394	0.00170744774
-23.12853394	0.002200700802
-23.11853394	0.002363766754
-23.10853394	0.00217337648
-23.09853394	0.001659106546
-23.08853394	0.0008988221034
-23.07853394	6.916364224e-06
-23.06853394	-0.0008828812482
-23.05853394	-0.001637547418
-23.04853394	-0.00214465511
-23.03853394	-0.00232913691
-23.02853394	-0.002164419766
-23.01853394	-0.001676275998
-23.00853394	-0.000938828645
-22.99853394	-6.332506835e-05
-22.98853394	0.0008186250892
-22.97853394	0.001574824883
-22.96853394	0.002092307965
-22.95853394	0.002294227945
-22.94853394	0.002151291946
-22.93853394	0.001686033794
-22.92853394	0.000969299643
-22.91853394	0.0001094888626
-22.90853394	-0.0007638200562
-22.89853394	-0.001519388148
-22.88853394	-0.002044040377
-22.87853394	-0.002259630907
-22.86853394	-0.00213470403
-22.85853394	-0.001689107364
-22.84853394	-0.0009908769271
-22.83853394	-0.0001458776963
-22.82853394	0.0007182271774
-22.81853394	0.001471253941
-22.80853394	0.002000113012
-22.79853394	0.002225805235
-22.78853394	0.00211524326
-22.77853394	0.00168612584
-22.76853394	0.001004143174
-22.75853394	0.0001729493115
-22.74853394	-0.0006815718325
-22.73853394	-0.001430361486
-22.72853394	-0.001960679121
-22.71853394	-0.002193089091
-22.70853394	-0.002093379515
-22.69853394	-0.001677621823
-22.68853394	-0.001009618965
-22.67853394	-0.0001911421796
-22.66853394	0.0006535538181
-22.65853394	0.001396584089
-22.64853394	0.001925796
-22.63853394	0.002161709153
-22.62853394	0.002069472176
-22.61853394	0.001664034497
-22.60853394	0.00100776188
-22.59853394	0.0002008708422
-22.58853394	-0.0006338549857
-22.57853394	-0.001369738615
-22.56853394	-0.001895434977
-22.55853394	-0.002131789741
-22.54853394	-0.002043777216
-22.53853394	-0.001645713808
-22.52853394	-0.0009989673082
-22.51853394	-0.0002025233772
-22.50853394	0.0006221446749
-22.49853394	0.001349593001
-22.48853394	0.00186948994
-22.47853394	0.002103361215
-22.46853394	0.002016454352
-22.45853394	0.001622925481
-22.44853394	0.000983570739
-22.43853394	0.0001964607322
-22.42853394	-0.00061808316
-22.41853394	-0.001335871961
-22.40853394	-0.001847784492
-22.39853394	-0.002076367616
-22.38853394	-0.001987574171
-22.37853394	-0.001595856706
-22.36853394	-0.0009618512991
-22.35853394	-0.0001830177004
-22.34853394	0.0006213233216
-22.33853394	0.001328261042
-22.32853394	0.001830077841
-22.31853394	0.00205067358
-22.30853394	0.001957125165
-22.29853394	0.001564622373
-22.28853394	0.0009340363779
-22.27853394	0.0001625053366
-22.26853394	-0.0006315107456
-22.25853394	-0.00132640922
-22.24853394	-0.001816069532
-22.23853394	-0.002026070601
-22.22853394	-0.001925020675
-22.21853394	-0.001529271781
-22.20853394	-0.0009003071989
-22.19853394	-0.0001352146382
-22.18853394	0.0006482824422
-22.17853394	0.001329930207
-22.16853394	0.001805403198
-22.15853394	0.002002282722
-22.14853394	0.001891105779
-22.13853394	0.00148979578
-22.12853394	0.0008608052341
-22.11853394	0.0001014213339
-22.10853394	-0.0006712643701
-22.09853394	-0.00133840267
-22.08853394	-0.001797669479
-22.07853394	-0.001978971789
-22.06853394	-0.001855164167
-22.05853394	-0.001446134325
-22.04853394	-0.0008156393789
-22.03853394	-6.139164387e-05
-22.02853394	0.0007000679426
-22.01853394	0.001351369544
-22.00853394	0.001792408288
-21.99853394	0.001955742399
-21.98853394	0.001816925106
-21.97853394	0.001398184476
-21.96853394	0.0007648938275
-21.95853394	1.538888122e-05
-21.94853394	-0.0007342856913
-21.93853394	-0.001368336641
-21.92853394	-0.00178911063
-21.91853394	-0.001932146711
-21.90853394	-0.001776070579
-21.89853394	-0.001345808845
-21.88853394	-0.0007086365984
-21.87853394	3.631922206e-05
-21.86853394	0.000773486261
-21.85853394	0.00138877076
-21.84853394	0.001787220159
-21.83853394	0.001907689278
-21.82853394	0.001732242717
-21.81853394	0.00128884455
-21.80853394	0.00064692867
-21.79853394	-9.345258435e-05
-21.78853394	-0.0008172089112
-21.77853394	-0.001412097498
-21.76853394	-0.001786134689
-21.75853394	-0.001881832088
-21.74853394	-0.001685051654
-21.73853394	-0.001227112706
-21.72853394	-0.0005798336813
-21.71853394	0.0001557103596
-21.70853394	0.0008649577087
-21.69853394	0.001437698986
-21.68853394	0.001785207885
-21.67853394	0.001853999998
-21.66853394	0.001634083907
-21.65853394	0.001160428509
-21.64853394	0.0005074281537
-21.63853394	-0.0002227621683
-21.62853394	-0.0009161956031
-21.61853394	-0.001464911785
-21.60853394	-0.001783751348
-21.59853394	-0.001823586742
-21.58853394	-0.001578911427
-21.57853394	-0.001088611925
-21.56853394	-0.0004298121705
-21.55853394	0.0002942391191
-21.54853394	0.0009703385917
-21.53853394	0.001493025151
-21.52853394	0.00178103732
-21.51853394	0.001789961705
-21.50853394	0.001519101407
-21.49853394	0.001011499023
-21.48853394	0.0003471204384
-21.47853394	-0.0003697247825
-21.46853394	-0.001026750195
-21.45853394	-0.001521279944
-21.44853394	-0.001776302251
-21.43853394	-0.001752477635
-21.42853394	-0.001454226956
-21.41853394	-0.0009289539318
-21.40853394	-0.0002595336266
-21.39853394	0.0004487463032
-21.38853394	0.001084736484
-21.37853394	0.001548868415
-21.36853394	0.001768751443
-21.35853394	0.001710479453
-21.34853394	0.001383878706
-21.33853394	0.000840881397
-21.32853394	0.0001672898522
-21.31853394	-0.0005307658631
-21.30853394	-0.001143541909
-21.29853394	-0.001574935145
-21.28853394	-0.001757565005
-21.27853394	-0.001663314316
-21.26853394	-0.001307677398
-21.25853394	-0.0007472398708
-21.24853394	-7.069614198e-05
-21.23853394	0.0006151727372
-21.22853394	0.001202346226
-21.21853394	0.00159857939
-21.20853394	0.001741905314
-21.19853394	0.001610343045
-21.18853394	0.001225287445
-21.17853394	0.0006480550201
-21.16853394	-2.986033499e-05
-21.15853394	-0.000701276216
-21.14853394	-0.001260262785
-21.13853394	-0.001618859111
-21.12853394	-0.00172092619
-21.11853394	-0.001550953001
-21.10853394	-0.001136431448
-21.09853394	-0.0005434335003
-21.08853394	0.0001339015172
-21.07853394	0.0007882996984
-21.06853394	0.001316338521
-21.05853394	0.001634796937
-21.04853394	0.001693783941
-21.03853394	0.001484572456
-21.02853394	0.00104090556
-21.01853394	0.0004335767832
-21.00853394	-0.0002408484795
-20.99853394	-0.0008753762926
-20.98853394	-0.001369555942
-20.97853394	-0.001645388311
-20.96853394	-0.001659650409
-20.95853394	-0.001410686452
-20.94853394	-0.0009385955581
-20.93853394	-0.0003187947708
-20.92853394	0.0003500125855
-20.91853394	0.0009615462863
-20.90853394	0.00141883744
-20.89853394	0.001649612047
-20.88853394	0.001617728112
-20.87853394	0.001328854074
-20.86853394	0.0008294934025
-20.85853394	0.0001995188625
-20.84853394	-0.0004605881535
-20.83853394	-0.001045756873
-20.82853394	-0.001463052252
-20.81853394	-0.001646443476
-20.80853394	-0.00156726749
-20.79853394	-0.001238726988
-20.78853394	-0.0007137139897
-20.77853394	-7.631408349e-05
-20.76853394	0.0005716470703
-20.75853394	0.00112686453
-20.74853394	0.001501026346
-20.73853394	0.001634870331
-20.72853394	0.001507586239
-20.71853394	0.001140069038
-20.70853394	0.000591511733
-20.69853394	-5.011018588e-05
-20.68853394	-0.0006821358222
-20.67853394	-0.001203640461
-20.66853394	-0.001531555517
-20.65853394	-0.001613911446
-20.64853394	-0.001438090577
-20.63853394	-0.001032776576
-20.62853394	-0.0004632965145
-20.61853394	0.0001788913978
-20.60853394	0.0007908754424
-20.59853394	0.00127477948
-20.58853394	0.001553421899
-20.57853394	0.001582638269
-20.56853394	0.00135829825
-20.55853394	0.0009168991105
-20.54853394	0.0003296484738
-20.53853394	-0.0003090075163
-20.52853394	-0.0008965648899
-20.51853394	-0.001338912718
-20.50853394	-0.001565414051
-20.49853394	-0.0015401991
-20.48853394	-0.001267862931
-20.47853394	-0.000792659773
-20.46853394	-0.0001913310132
-20.45853394	0.0004392738066
-20.44853394	0.000997788374
-20.43853394	0.001394624467
-20.42853394	0.001566350678
-20.41853394	0.001485845848
-20.40853394	0.001166599568
-20.39853394	0.0006604749665
-20.38853394	4.930132699e-05
-20.37853394	-0.0005683433866
-20.36853394	-0.001093027121
-20.35853394	-0.001440473411
-20.34853394	-0.001555107955
-20.33853394	-0.001418962966
-20.32853394	-0.001054510105
-20.31853394	-0.0005209724743
-20.30853394	9.528230755e-05
-20.29853394	0.0006947122028
-20.28853394	0.001180676032
-20.27853394	0.00147501841
-20.26853394	0.001530650277
-20.25853394	0.001339098104
-20.24853394	0.000931808865
-20.23853394	0.0003750071977
-20.22853394	-0.0002410572871
-20.21853394	-0.000816729086
-20.20853394	-0.001259065622
-20.19853394	-0.001496848863
-20.18853394	-0.001492064119
-20.17853394	-0.001245993826
-20.16853394	-0.0007989467496
-20.15853394	-0.0002236735999
-20.14853394	0.0003864583284
-20.13853394	0.0009326115004
-20.12853394	0.001326489505
-20.11853394	0.001504619549
-20.10853394	0.001438594505
-20.09853394	0.001139619605
-20.08853394	0.0006566332707
-20.07853394	6.831386301e-05
-20.06853394	-0.0005297248474
-20.05853394	-0.001040467532
-20.04853394	-0.001381237586
-20.03853394	-0.001497089653
-20.02853394	-0.001369683416
-20.01853394	-0.00102020312
-20.00853394	-0.0005058553177
-19.99853394	8.947929192e-05
-19.98853394	0.0006689148831
-19.97853394	0.001138324547
-19.96853394	0.001421634922
-19.95853394	0.001473165484
-19.94853394	0.00128500923
-19.93853394	0.0008882597061
-19.92853394	0.0003478914516
-19.91853394	-0.0002478661856
-19.90853394	-0.0008019263085
-19.89853394	-0.00122416481
-19.88853394	-0.001446086021
-19.87853394	-0.001431946153
-19.86853394	-0.001184526105
-19.85853394	-0.0007446186682
-19.84853394	-0.0001843204433
-19.83853394	0.0004047712101
-19.82853394	0.0009265259552
-19.81853394	0.001295968144
-19.80853394	0.001453124106
-19.79853394	0.001372771249
-19.78853394	0.001068501987
-19.77853394	0.0005904450049
-19.76853394	1.702272916e-05
-19.75853394	-0.0005579022871
-19.74853394	-0.001040387107
-19.73853394	-0.001351761478
-19.72853394	-0.001441464577
-19.71853394	-0.001295269267
-19.70853394	-0.0009375537094
-19.69853394	-0.0004272549936
-19.68853394	0.0001518265363
-19.67853394	0.0007047796103
-19.66853394	0.001141135603
-19.65853394	0.001389674848
-19.64853394	0.001410061637
-19.63853394	0.00119940528
-19.62853394	0.0007926774817
-19.61853394	0.0002569240088
-19.60853394	-0.0003197740929
-19.59853394	-0.0008427743472
-19.58853394	-0.001226404499
-19.57853394	-0.001408003079
-19.56853394	-0.001358166678
-19.55853394	-0.001085526088
-19.54853394	-0.0006352729093
-19.53853394	-8.168493369e-05
-19.52853394	0.0004841159851
-19.51853394	0.000969157718
-19.50853394	0.001293896915
-19.49853394	0.001405272006
-19.48853394	0.001285386726
-19.47853394	0.0009544008419
-19.46853394	0.0004671585624
-19.45853394	-9.588442693e-05
-19.44853394	-0.0006419367025
-19.43853394	-0.001081160552
-19.42853394	-0.00134145629
-19.41853394	-0.00138030772
-19.40853394	-0.001191740913
-19.39853394	-0.0008072549146
-19.38853394	-0.0002905770922
-19.37853394	0.0002728863926
-19.36853394	0.0007901606973
-19.35853394	0.001176043027
-19.34853394	0.001367142843
-19.33853394	0.001332306892
-19.32853394	0.001077712612
-19.31853394	0.0006457946675
-19.30853394	0.0001081879141
-19.29853394	-0.0004461421535
-19.28853394	-0.0009256165555
-19.27853394	-0.001251173824
-19.26853394	-0.001369314543
-19.25853394	-0.001260905834
-19.24853394	-0.0009442946369
-19.23853394	-0.0004722206676
-19.22853394	7.695438651e-05
-19.21853394	0.0006122451356
-19.20853394	0.001045113637
-19.19853394	0.001304117437
-19.18853394	0.001346710425
-19.17853394	0.00116624558
-19.16853394	0.0007930246872
-19.15853394	0.0002892269323
-19.14853394	-0.0002614375299
-19.13853394	-0.0007676294808
-19.12853394	-0.001145530459
-19.11853394	-0.001332727771
-19.10853394	-0.001298533563
-19.09853394	-0.001049029914
-19.08853394	-0.0006260081028
-19.07853394	-9.998391153e-05
-19.06853394	0.0004415461442
-19.05853394	0.0009086535979
-19.04853394	0.001223913474
-19.03853394	0.001335245582
-19.02853394	0.001224530545
-19.01853394	0.0009105730143
-19.00853394	0.0004459249974
-18.99853394	-9.189682562e-05
-18.98853394	-0.000613334248
-18.97853394	-0.001031698107
-18.96853394	-0.001277584217
-18.95853394	-0.001310396709
-18.94853394	-0.001125063874
-18.93853394	-0.0007528332221
-18.92853394	-0.000256018953
-18.91853394	0.0002824178227
-18.90853394	0.0007727157469
-18.89853394	0.001133276761
-18.88853394	0.001304252072
-18.87853394	0.001257487462
-18.86853394	0.001001173379
-18.85853394	0.0005784293983
-18.84853394	6.006475469e-05
-18.83853394	-0.0004672719496
-18.82853394	-0.0009155723267
-18.81853394	-0.001210158128
-18.80853394	-0.001302129171
-18.79853394	-0.00117649298
-18.78853394	-0.0008546224829
-18.77853394	-0.000390636463
-18.76853394	0.0001376869018
