-54.35362564	-7.626182307e-82
-54.34362564	-1.031585488e-81
-54.33362564	-1.395164271e-81
-54.32362564	-1.886546512e-81
-54.31362564	-2.550537457e-81
-54.30362564	-3.44760801e-81
-54.29362564	-4.659357246e-81
-54.28362564	-6.295874495e-81
-54.27362564	-8.505659721e-81
-54.26362564	-1.148898878e-80
-54.25362564	-1.551591647e-80
-54.24362564	-2.095052232e-80
-54.23362564	-2.828355786e-80
-54.22362564	-3.817639844e-80
-54.21362564	-5.152020327e-80
-54.20362564	-6.951553137e-80
-54.19362564	-9.377946684e-80
-54.18362564	-1.264897322e-79
-54.17362564	-1.705785252e-79
-54.16362564	-2.299931884e-79
-54.15362564	-3.100466877e-79
-54.14362564	-4.178887591e-79
-54.13362564	-5.631391495e-79
-54.12362564	-7.587385628e-79
-54.11362564	-1.022091949e-78
-54.10362564	-1.376604285e-78
-54.09362564	-1.853743213e-78
-54.08362564	-2.49580876e-78
-54.07362564	-3.359651861e-78
-54.06362564	-4.52166576e-78
-54.05362564	-6.084484804e-78
-54.04362564	-8.185972981e-78
-54.03362564	-1.101128266e-77
-54.02362564	-1.480902923e-77
-54.01362564	-1.991298246e-77
-54.00362564	-2.677115078e-77
-53.99362564	-3.598477103e-77
-53.98362564	-4.836056746e-77
-53.97362564	-6.498078298e-77
-53.96362564	-8.729700931e-77
-53.95362564	-1.172558802e-76
-53.94362564	-1.574674166e-76
-53.93362564	-2.114304559e-76
-53.92362564	-2.838344644e-76
-53.91362564	-3.809635408e-76
-53.90362564	-5.112371098e-76
-53.89362564	-6.859334207e-76
-53.88362564	-9.201574735e-76
-53.87362564	-1.234135712e-75
-53.86362564	-1.654947476e-75
-53.85362564	-2.218840115e-75
-53.84362564	-2.974323946e-75
-53.83362564	-3.986308963e-75
-53.82362564	-5.341632923e-75
-53.81362564	-7.156447416e-75
-53.80362564	-9.586084549e-75
-53.79362564	-1.283823488e-74
-53.78362564	-1.719054459e-74
-53.77362564	-2.301410949e-74
-53.76362564	-3.080483602e-74
-53.75362564	-4.122529568e-74
-53.74362564	-5.516057358e-74
-53.73362564	-7.379277612e-74
-53.72362564	-9.870041317e-74
-53.71362564	-1.319909343e-73
-53.70362564	-1.764774464e-73
-53.69362564	-2.359142957e-73
-53.68362564	-3.153110647e-73
-53.67362564	-4.213510031e-73
-53.66362564	-5.629485266e-73
-53.65362564	-7.51991859e-73
-53.64362564	-1.004332122e-72
-53.63362564	-1.341100404e-72
-53.62362564	-1.790461239e-72
-53.61362564	-2.389946658e-72
-53.60362564	-3.189562456e-72
-53.59362564	-4.255921368e-72
-53.58362564	-5.677741635e-72
-53.57362564	-7.573160594e-72
-53.56362564	-1.009946062e-71
-53.55362564	-1.346600065e-71
-53.54362564	-1.795140654e-71
-53.53362564	-2.392641866e-71
-53.52362564	-3.188425256e-71
-53.51362564	-4.248093572e-71
-53.50362564	-5.658888829e-71
-53.49362564	-7.536808269e-71
-53.48362564	-1.003605316e-70
-53.47362564	-1.33615728e-70
-53.46362564	-1.778571455e-70
-53.45362564	-2.367031966e-70
-53.44362564	-3.149604052e-70
-53.43362564	-4.190123205e-70
-53.42362564	-5.573353418e-70
-53.41362564	-7.411827349e-70
-53.40362564	-9.854915123e-70
-53.39362564	-1.310084558e-69
-53.38362564	-1.741263814e-69
-53.37362564	-2.313921347e-69
-53.36362564	-3.074336086e-69
-53.35362564	-4.083878264e-69
-53.34362564	-5.423915184e-69
-53.33362564	-7.202306688e-69
-53.32362564	-9.562003808e-69
-53.31362564	-1.269242942e-68
-53.30362564	-1.684453809e-68
-53.29362564	-2.23507408e-68
-53.28362564	-2.965126088e-68
-53.27362564	-3.932899055e-68
-53.26362564	-5.215558061e-68
-53.25362564	-6.91523721e-68
-53.24362564	-9.167093349e-68
-53.23362564	-1.214994917e-67
-53.22362564	-1.610035547e-67
-53.21362564	-2.133116752e-67
-53.20362564	-2.825607969e-67
-53.19362564	-3.742202349e-67
-53.18362564	-4.955194068e-67
-53.17362564	-6.560124337e-67
-53.16362564	-8.683232625e-67
-53.15362564	-1.14912884e-66
-53.14362564	-1.520456138e-66
-53.13362564	-2.011392898e-66
-53.12362564	-2.660343606e-66
-53.11362564	-3.51800392e-66
-53.10362564	-4.651281564e-66
-53.09362564	-6.148463894e-66
-53.08362564	-8.126027159e-66
-53.07362564	-1.073760733e-65
-53.06362564	-1.41858163e-65
-53.05362564	-1.873780311e-65
-53.04362564	-2.47457429e-65
-53.03362564	-3.267380904e-65
-53.02362564	-4.3133673e-65
-53.01362564	-5.693121875e-65
-53.00362564	-7.51280029e-65
-52.99362564	-9.912209919e-65
-52.98362564	-1.307544204e-64
-52.97362564	-1.724485198e-64
-52.96362564	-2.27394378e-64
-52.95362564	-2.997899676e-64
-52.94362564	-3.951586986e-64
-52.93362564	-5.207664959e-64
-52.92362564	-6.861696765e-64
-52.91362564	-9.039345019e-64
-52.90362564	-1.190582018e-63
-52.89362564	-1.567828473e-63
-52.88362564	-2.064213467e-63
-52.87362564	-2.717236605e-63
-52.86362564	-3.576160928e-63
-52.85362564	-4.705690477e-63
-52.84362564	-6.190793606e-63
-52.83362564	-8.143027768e-63
-52.82362564	-1.070883153e-62
-52.81362564	-1.408039361e-62
-52.80362564	-1.850989693e-62
-52.79362564	-2.432818217e-62
-52.78362564	-3.196919711e-62
-52.77362564	-4.200201912e-62
-52.76362564	-5.517278843e-62
-52.75362564	-7.245960844e-62
-52.74362564	-9.514440903e-62
-52.73362564	-1.249069953e-61
-52.72362564	-1.639481063e-61
-52.71362564	-2.151504013e-61
-52.70362564	-2.822890195e-61
-52.69362564	-3.70306927e-61
-52.68362564	-4.856749114e-61
-52.67362564	-6.368621557e-61
-52.66362564	-8.349512347e-61
-52.65362564	-1.094441701e-60
-52.64362564	-1.43429988e-60
-52.63362564	-1.879330044e-60
-52.62362564	-2.461964989e-60
-52.61362564	-3.224603831e-60
-52.60362564	-4.222663671e-60
-52.59362564	-5.528562291e-60
-52.58362564	-7.236914928e-60
-52.57362564	-9.471313855e-60
-52.56362564	-1.239317109e-59
-52.55362564	-1.621324981e-59
-52.54362564	-2.12066989e-59
-52.53362564	-2.773265114e-59
-52.52362564	-3.625976498e-59
-52.51362564	-4.739950583e-59
-52.50362564	-6.194950362e-59
-52.49362564	-8.095002565e-59
-52.48362564	-1.057575176e-58
-52.47362564	-1.38140352e-58
-52.46362564	-1.804034652e-58
-52.45362564	-2.35550567e-58
-52.44362564	-3.074952057e-58
-52.43362564	-4.013353498e-58
-52.42362564	-5.237105278e-58
-52.41362564	-6.832662563e-58
-52.40362564	-8.912578645e-58
-52.39362564	-1.162335398e-57
-52.38362564	-1.515563696e-57
-52.37362564	-1.975747848e-57
-52.36362564	-2.57515509e-57
-52.35362564	-3.355751275e-57
-52.34362564	-4.372105097e-57
-52.33362564	-5.695158702e-57
-52.32362564	-7.417122132e-57
-52.31362564	-9.657825289e-57
-52.30362564	-1.25729598e-56
-52.29362564	-1.636477093e-56
-52.28362564	-2.129592495e-56
-52.27362564	-2.770749166e-56
-52.26362564	-3.604225823e-56
-52.25362564	-4.6874949e-56
-52.24362564	-6.095138895e-56
-52.23362564	-7.923924729e-56
-52.22362564	-1.029937722e-55
-52.21362564	-1.33842928e-55
-52.20362564	-1.738976389e-55
-52.19362564	-2.258945155e-55
-52.18362564	-2.933805945e-55
-52.17362564	-3.809524139e-55
-52.16362564	-4.945653376e-55
-52.15362564	-6.41933693e-55
-52.14362564	-8.330482751e-55
-52.13362564	-1.080845507e-54
-52.12362564	-1.402072523e-54
-52.11362564	-1.818405309e-54
-52.10362564	-2.357893633e-54
-52.09362564	-3.056827883e-54
-52.08362564	-3.962150526e-54
-52.07362564	-5.134570414e-54
-52.06362564	-6.65258399e-54
-52.05362564	-8.617666402e-54
-52.04362564	-1.116097151e-53
-52.03362564	-1.445197764e-53
-52.02362564	-1.870964176e-53
-52.01362564	-2.421678705e-53
-52.00362564	-3.133865714e-53
-51.99362564	-4.054683898e-53
-51.98362564	-5.245010119e-53
-51.97362564	-6.783413893e-53
-51.96362564	-8.771278691e-53
-51.95362564	-1.13393996e-52
-51.94362564	-1.465648123e-52
-51.93362564	-1.894008076e-52
-51.92362564	-2.447069705e-52
-51.91362564	-3.160990616e-52
-51.90362564	-4.082370091e-52
-51.89362564	-5.271252132e-52
-51.88362564	-6.804988624e-52
-51.87362564	-8.783207912e-52
-51.86362564	-1.133420379e-51
-51.85362564	-1.462314926e-51
-51.84362564	-1.8862654e-51
-51.83362564	-2.432633156e-51
-51.82362564	-3.136623055e-51
-51.81362564	-4.043522572e-51
-51.80362564	-5.211577415e-51
-51.79362564	-6.715683841e-51
-51.78362564	-8.652128602e-51
-51.77362564	-1.114467251e-50
-51.76362564	-1.435235688e-50
-51.75362564	-1.847951862e-50
-51.74362564	-2.378863621e-50
-51.73362564	-3.061680331e-50
-51.72362564	-3.939684994e-50
-51.71362564	-5.068441677e-50
-51.70362564	-6.519265312e-50
-51.69362564	-8.383667607e-50
-51.68362564	-1.077905247e-49
-51.67362564	-1.385601054e-49
-51.66362564	-1.780765999e-49
-51.65362564	-2.288160481e-49
-51.64362564	-2.939524116e-49
-51.63362564	-3.77553448e-49
-51.62362564	-4.848313181e-49
-51.61362564	-6.224631512e-49
-51.60362564	-7.990010126e-49
-51.59362564	-1.025396093e-48
-51.58362564	-1.315668805e-48
-51.57362564	-1.687765215e-48
-51.56362564	-2.164651393e-48
-51.55362564	-2.775711483e-48
-51.54362564	-3.558533398e-48
-51.53362564	-4.561189141e-48
-51.52362564	-5.845146118e-48
-51.51362564	-7.488983287e-48
-51.50362564	-9.593133595e-48
-51.49362564	-1.228593488e-47
-51.48362564	-1.573134858e-47
-51.47362564	-2.013880381e-47
-51.46362564	-2.57757495e-47
-51.45362564	-3.298365589e-47
-51.44362564	-4.219840923e-47
-51.43362564	-5.397629992e-47
-51.42362564	-6.902713145e-47
-51.41362564	-8.825639183e-47
-51.40362564	-1.128189568e-46
-51.39362564	-1.441874635e-46
-51.38362564	-1.842393432e-46
-51.37362564	-2.35367582e-46
-51.36362564	-3.006216475e-46
-51.35362564	-3.838867586e-46
-51.34362564	-4.901118828e-46
-51.33362564	-6.255996416e-46
-51.32362564	-7.983748552e-46
-51.31362564	-1.018652957e-45
-51.30362564	-1.299435214e-45
-51.29362564	-1.657264909e-45
-51.28362564	-2.113187825e-45
-51.27362564	-2.693971936e-45
-51.26362564	-3.433655948e-45
-51.25362564	-4.375514911e-45
-51.24362564	-5.5745547e-45
-51.23362564	-7.100676967e-45
-51.22362564	-9.042693909e-45
-51.21362564	-1.151341993e-44
-51.20362564	-1.465612763e-44
-51.19362564	-1.865273194e-44
-51.18362564	-2.373416277e-44
-51.17362564	-3.019350832e-44
-51.16362564	-3.840266592e-44
-51.15362564	-4.883343132e-44
-51.14362564	-6.208420416e-44
-51.13362564	-7.891379748e-44
-51.12362564	-1.00284232e-43
-51.11362564	-1.274148907e-43
-51.10362564	-1.618510345e-43
-51.09362564	-2.055504685e-43
-51.08362564	-2.609931429e-43
-51.07362564	-3.313197273e-43
-51.06362564	-4.205067796e-43
-51.05362564	-5.335881229e-43
-51.04362564	-6.769345614e-43
-51.03362564	-8.586072272e-43
-51.02362564	-1.088803845e-42
-51.01362564	-1.380422222e-42
-51.00362564	-1.749771603e-42
-50.99362564	-2.217470483e-42
-50.98362564	-2.809579518e-42
-50.97362564	-3.559030756e-42
-50.96362564	-4.507430316e-42
-50.95362564	-5.707331571e-42
-50.94362564	-7.225101016e-42
-50.93362564	-9.144530541e-42
-50.92362564	-1.157138949e-41
-50.91362564	-1.463915973e-41
-50.90362564	-1.851625962e-41
-50.89362564	-2.341514123e-41
-50.88362564	-2.960374426e-41
-50.87362564	-3.741991368e-41
-50.86362564	-4.728954415e-41
-50.85362564	-5.974940927e-41
-50.84362564	-7.547587891e-41
-50.83362564	-9.532103515e-41
-50.82362564	-1.203580828e-40
-50.81362564	-1.519384338e-40
-50.80362564	-1.9176345e-40
-50.79362564	-2.419745888e-40
-50.78362564	-3.052666464e-40
-50.77362564	-3.850299841e-40
-50.76362564	-4.855291168e-40
-50.75362564	-6.12126908e-40
-50.74362564	-7.715659557e-40
-50.73362564	-9.723216775e-40
-50.72362564	-1.225045265e-39
-50.71362564	-1.543119256e-39
-50.70362564	-1.943354197e-39
-50.69362564	-2.44686203e-39
-50.68362564	-3.080150791e-39
-50.67362564	-3.876496372e-39
-50.66362564	-4.877661098e-39
-50.65362564	-6.136046307e-39
-50.64362564	-7.717387904e-39
-50.63362564	-9.704131116e-39
-50.62362564	-1.219965459e-38
-50.61362564	-1.533355641e-38
-50.60362564	-1.926826744e-38
-50.59362564	-2.420732351e-38
-50.58362564	-3.040570999e-38
-50.57362564	-3.818279516e-38
-50.56362564	-4.793849636e-38
-50.55362564	-6.017348253e-38
-50.54362564	-7.551441494e-38
-50.53362564	-9.474547557e-38
-50.52362564	-1.188477401e-37
-50.51362564	-1.49048336e-37
-50.50362564	-1.868818043e-37
-50.49362564	-2.342666751e-37
-50.48362564	-2.936010088e-37
-50.47362564	-3.67881572e-37
-50.46362564	-4.608524593e-37
-50.45362564	-5.77190396e-37
-50.44362564	-7.22735719e-37
-50.43362564	-9.047802303e-37
-50.42362564	-1.132425842e-36
-50.41362564	-1.417031323e-36
-50.40362564	-1.772768651e-36
-50.39362564	-2.217315709e-36
-50.38362564	-2.772718539e-36
-50.37362564	-3.466464393e-36
-50.36362564	-4.332816827e-36
-50.35362564	-5.414476418e-36
-50.34362564	-6.764646053e-36
-50.33362564	-8.449598754e-36
-50.32362564	-1.055186955e-35
-50.31362564	-1.317422214e-35
-50.30362564	-1.644457728e-35
-50.29362564	-2.052213455e-35
-50.28362564	-2.560497485e-35
-50.27362564	-3.193949933e-35
-50.26362564	-3.983214579e-35
-50.25362564	-4.96639286e-35
-50.24362564	-6.190847819e-35
-50.23362564	-7.715441735e-35
-50.22362564	-9.61331102e-35
-50.21362564	-1.197530657e-34
-50.20362564	-1.491425816e-34
-50.19362564	-1.8570259e-34
-50.18362564	-2.311721292e-34
-50.17362564	-2.877094398e-34
-50.16362564	-3.579923897e-34
-50.15362564	-4.453428054e-34
-50.14362564	-5.538803626e-34
-50.13362564	-6.887130211e-34
-50.12362564	-8.561726228e-34
-50.11362564	-1.064106296e-33
-50.10362564	-1.3222368e-33
-50.09362564	-1.642608003e-33
-50.08362564	-2.040135501e-33
-50.07362564	-2.533286986e-33
-50.06362564	-3.144922786e-33
-50.05362564	-3.903333999e-33
-50.04362564	-4.843524368e-33
-50.03362564	-6.00879277e-33
-50.02362564	-7.452686304e-33
-50.01362564	-9.24141022e-33
-50.00362564	-1.145680082e-32
-49.99362564	-1.419999193e-32
-49.98362564	-1.759593574e-32
-49.97362564	-2.17989756e-32
-49.96362564	-2.699971407e-32
-49.95362564	-3.343347506e-32
-49.94362564	-4.139072763e-32
-49.93362564	-5.122992298e-32
-49.92362564	-6.339329956e-32
-49.91362564	-7.84263377e-32
-49.90362564	-9.700170077e-32
-49.89362564	-1.199486902e-31
-49.88362564	-1.482894756e-31
-49.87362564	-1.83283647e-31
-49.86362564	-2.264829879e-31
-49.85362564	-2.797987974e-31
-49.84362564	-3.455846159e-31
-49.83362564	-4.267378531e-31
-49.82362564	-5.26824609e-31
-49.81362564	-6.502329406e-31
-49.80362564	-8.023610108e-31
-49.79362564	-9.898480041e-31
-49.78362564	-1.220857456e-30
-49.77362564	-1.505424809e-30
-49.76362564	-1.855883654e-30
-49.75362564	-2.287388325e-30
-49.74362564	-2.818554497e-30
-49.73362564	-3.472244207e-30
-49.72362564	-4.276527641e-30
-49.71362564	-5.265861188e-30
-49.70362564	-6.482530029e-30
-49.69362564	-7.978414231e-30
-49.68362564	-9.817150346e-30
-49.67362564	-1.207677642e-29
-49.66362564	-1.485296773e-29
-49.65362564	-1.826299415e-29
-49.64362564	-2.245055891e-29
-49.63362564	-2.75917136e-29
-49.62362564	-3.390208676e-29
-49.61362564	-4.1645716e-29
-49.60362564	-5.114583605e-29
-49.59362564	-6.279805318e-29
-49.58362564	-7.70864293e-29
-49.57362564	-9.460311371e-29
-49.56362564	-1.160722988e-28
-49.55362564	-1.423794448e-28
-49.54362564	-1.746069231e-28
-49.53362564	-2.140774773e-28
-49.52362564	-2.62407203e-28
-49.51362564	-3.215701144e-28
-49.50362564	-3.939768117e-28
-49.49362564	-4.825703054e-28
-49.48362564	-5.909427079e-28
-49.47362564	-7.234773011e-28
-49.46362564	-8.855214543e-28
-49.45362564	-1.083597037e-27
-49.44362564	-1.325656393e-27
-49.43362564	-1.621393654e-27
-49.42362564	-1.982623276e-27
-49.41362564	-2.423740172e-27
-49.40362564	-2.962278906e-27
-49.39362564	-3.61959309e-27
-49.38362564	-4.421680612e-27
-49.37362564	-5.400185729e-27
-49.36362564	-6.593615635e-27
-49.35362564	-8.048817003e-27
-49.34362564	-9.822767608e-27
-49.33362564	-1.198474968e-26
-49.32362564	-1.461898568e-26
-49.31362564	-1.782783397e-26
-49.30362564	-2.173566237e-26
-49.29362564	-2.649354221e-26
-49.28362564	-3.228493504e-26
-49.27362564	-3.933258023e-26
-49.26362564	-4.79068349e-26
-49.25362564	-5.833576959e-26
-49.24362564	-7.10173863e-26
-49.23362564	-8.643440104e-26
-49.22362564	-1.051721245e-25
-49.21362564	-1.279400842e-25
-49.20362564	-1.55598165e-25
-49.19362564	-1.891882023e-25
-49.18362564	-2.299721564e-25
-49.17362564	-2.794782261e-25
-49.16362564	-3.395565391e-25
-49.15362564	-4.124463875e-25
-49.14362564	-5.008573832e-25
-49.13362564	-6.080673871e-25
-49.12362564	-7.380406482e-25
-49.11362564	-8.955702845e-25
-49.10362564	-1.086450077e-24
-49.09362564	-1.317681547e-24
-49.08362564	-1.597723508e-24
-49.07362564	-1.936792703e-24
-49.06362564	-2.34722591e-24
-49.05362564	-2.843915954e-24
-49.04362564	-3.44483656e-24
-49.03362564	-4.171674005e-24
-49.02362564	-5.050587063e-24
-49.01362564	-6.11312107e-24
-49.00362564	-7.397307076e-24
-48.99362564	-8.948983171e-24
-48.98362564	-1.08233825e-23
-48.97362564	-1.308704124e-23
-48.96362564	-1.58200904e-23
-48.95362564	-1.911900791e-23
-48.94362564	-2.309992251e-23
-48.93362564	-2.790257901e-23
-48.92362564	-3.369509605e-23
-48.91362564	-4.067967305e-23
-48.90362564	-4.909943399e-23
-48.89362564	-5.924663213e-23
-48.88362564	-7.147248357e-23
-48.87362564	-8.619894983e-23
-48.86362564	-1.039328517e-22
-48.85362564	-1.252827714e-22
-48.84362564	-1.509792869e-22
-48.83362564	-1.818991913e-22
-48.82362564	-2.190944704e-22
-48.81362564	-2.638269671e-22
-48.80362564	-3.176098345e-22
-48.79362564	-3.822570945e-22
-48.78362564	-4.59942871e-22
-48.77362564	-5.532721638e-22
-48.76362564	-6.653653912e-22
-48.75362564	-7.999593492e-22
-48.74362564	-9.615277421e-22
-48.73362564	-1.155425038e-21
-48.72362564	-1.388058113e-21
-48.71362564	-1.667090996e-21
-48.70362564	-2.001689031e-21
-48.69362564	-2.402809949e-21
-48.68362564	-2.883550785e-21
-48.67362564	-3.45956122e-21
-48.66362564	-4.14953593e-21
-48.65362564	-4.975800876e-21
-48.64362564	-5.965011272e-21
-48.63362564	-7.148982236e-21
-48.62362564	-8.565677094e-21
-48.61362564	-1.02603829e-20
-48.60362564	-1.228710826e-20
-48.59362564	-1.471024496e-20
-48.58362564	-1.760654269e-20
-48.57362564	-2.106745518e-20
-48.56362564	-2.520192664e-20
-48.55362564	-3.013970044e-20
-48.54362564	-3.603524655e-20
-48.53362564	-4.307242216e-20
-48.52362564	-5.14700008e-20
-48.51362564	-6.148822975e-20
-48.50362564	-7.34366049e-20
-48.49362564	-8.768308618e-20
-48.48362564	-1.046650174e-19
-48.47362564	-1.249020618e-19
-48.46362564	-1.490115212e-19
-48.45362564	-1.77726472e-19
-48.44362564	-2.119172304e-19
-48.43362564	-2.526167499e-19
-48.42362564	-3.010506624e-19
-48.41362564	-3.586728021e-19
-48.40362564	-4.272071997e-19
-48.39362564	-5.086977109e-19
-48.38362564	-6.05566649e-19
-48.37362564	-7.206840354e-19
-48.36362564	-8.574493654e-19
-48.35362564	-1.019888123e-18
-48.34362564	-1.212765669e-18
-48.33362564	-1.441721594e-18
-48.32362564	-1.713428155e-18
-48.31362564	-2.035777074e-18
-48.30362564	-2.418099686e-18
-48.29362564	-2.871426339e-18
-48.28362564	-3.40879192e-18
-48.27362564	-4.045595629e-18
-48.26362564	-4.800024479e-18
-48.25362564	-5.693551684e-18
-48.24362564	-6.751522963e-18
-48.23362564	-8.003846092e-18
-48.22362564	-9.485801608e-18
-48.21362564	-1.123899568e-17
-48.20362564	-1.33124797e-17
-48.19362564	-1.576406541e-17
-48.18362564	-1.86618692e-17
-48.17362564	-2.208612489e-17
-48.16362564	-2.613131114e-17
-48.15362564	-3.090864728e-17
-48.14362564	-3.654902028e-17
-48.13362564	-4.320641653e-17
-48.12362564	-5.106194408e-17
-48.11362564	-6.032854537e-17
-48.10362564	-7.125651742e-17
-48.09362564	-8.413997575e-17
-48.08362564	-9.932442084e-17
-48.07362564	-1.172155925e-16
-48.06362564	-1.382898281e-16
-48.05362564	-1.631061762e-16
-48.04362564	-1.92320558e-16
-48.03362564	-2.267023194e-16
-48.02362564	-2.671535676e-16
-48.01362564	-3.147317576e-16
-48.00362564	-3.706760626e-16
-47.99362564	-4.364381546e-16
-47.98362564	-5.137181206e-16
-47.97362564	-6.04506357e-16
-47.96362564	-7.111324224e-16
-47.95362564	-8.363219852e-16
-47.94362564	-9.832631863e-16
-47.93362564	-1.155683948e-15
-47.92362564	-1.357942003e-15
-47.91362564	-1.59512971e-15
-47.90362564	-1.873196031e-15
-47.89362564	-2.199088443e-15
-47.88362564	-2.580917991e-15
-47.87362564	-3.028151179e-15
-47.86362564	-3.551833001e-15
-47.85362564	-4.16484607e-15
-47.84362564	-4.8822116e-15
-47.83362564	-5.721438869e-15
-47.82362564	-6.702930842e-15
-47.81362564	-7.850454828e-15
-47.80362564	-9.191688408e-15
-47.79362564	-1.075885245e-14
-47.78362564	-1.258944486e-14
-47.77362564	-1.472709087e-14
-47.76362564	-1.722252786e-14
-47.75362564	-2.013474588e-14
-47.74362564	-2.353230778e-14
-47.73362564	-2.749487689e-14
-47.72362564	-3.211498415e-14
-47.71362564	-3.750007159e-14
-47.70362564	-4.377485458e-14
-47.69362564	-5.108405158e-14
-47.68362564	-5.959553739e-14
-47.67362564	-6.950398462e-14
-47.66362564	-8.103506713e-14
-47.65362564	-9.44503108e-14
-47.64362564	-1.100526891e-13
-47.63362564	-1.281930758e-13
-47.62362564	-1.492776831e-13
-47.61362564	-1.737766334e-13
-47.60362564	-2.02233833e-13
-47.59362564	-2.352783421e-13
-47.58362564	-2.736374631e-13
-47.57362564	-3.181518013e-13
-47.56362564	-3.697925895e-13
-47.55362564	-4.296816087e-13
-47.54362564	-4.991140869e-13
-47.53362564	-5.795850106e-13
-47.52362564	-6.72819348e-13
-47.51362564	-7.808067508e-13
-47.50362564	-9.058413858e-13
-47.49362564	-1.050567637e-12
-47.48362564	-1.218032526e-12
-47.47362564	-1.411745807e-12
-47.46362564	-1.635748856e-12
-47.45362564	-1.894693583e-12
-47.44362564	-2.19393282e-12
-47.43362564	-2.539623788e-12
-47.42362564	-2.938846525e-12
-47.41362564	-3.399739345e-12
-47.40362564	-3.931653764e-12
-47.39362564	-4.545331588e-12
-47.38362564	-5.253107275e-12
-47.37362564	-6.069139088e-12
-47.36362564	-7.009673035e-12
-47.35362564	-8.093344121e-12
-47.34362564	-9.341520079e-12
-47.33362564	-1.077869339e-11
-47.32362564	-1.243292822e-11
-47.31362564	-1.43363698e-11
-47.30362564	-1.652582465e-11
-47.29362564	-1.904342138e-11
-47.28362564	-2.193736285e-11
-47.27362564	-2.526278204e-11
-47.26362564	-2.908271556e-11
-47.25362564	-3.346921046e-11
-47.24362564	-3.850458218e-11
-47.23362564	-4.428284366e-11
-47.22362564	-5.09113283e-11
-47.21362564	-5.851253221e-11
-47.20362564	-6.72262047e-11
-47.19362564	-7.721171944e-11
-47.18362564	-8.865076276e-11
-47.17362564	-1.017503805e-10
-47.16362564	-1.167464298e-10
-47.15362564	-1.339074875e-10
-47.14362564	-1.535392748e-10
-47.13362564	-1.759896633e-10
-47.12362564	-2.016543369e-10
-47.11362564	-2.309831931e-10
-47.10362564	-2.644875763e-10
-47.09362564	-3.027484492e-10
-47.08362564	-3.464256189e-10
-47.07362564	-3.962681495e-10
-47.06362564	-4.531261102e-10
-47.05362564	-5.179638225e-10
-47.04362564	-5.918747929e-10
-47.03362564	-6.760985375e-10
-47.02362564	-7.720395311e-10
-47.01362564	-8.812885376e-10
-47.00362564	-1.005646614e-09
-46.99362564	-1.147152108e-09
-46.98362564	-1.308111008e-09
-46.97362564	-1.491131058e-09
-46.96362564	-1.699160066e-09
-46.95362564	-1.935528923e-09
-46.94362564	-2.203999884e-09
-46.93362564	-2.50882072e-09
-46.92362564	-2.854785447e-09
-46.91362564	-3.247302372e-09
-46.90362564	-3.69247034e-09
-46.89362564	-4.197164097e-09
-46.88362564	-4.769129831e-09
-46.87362564	-5.417092055e-09
-46.86362564	-6.150873119e-09
-46.85362564	-6.981526784e-09
-46.84362564	-7.921487436e-09
-46.83362564	-8.984736702e-09
-46.82362564	-1.01869894e-08
-46.81362564	-1.154590098e-08
-46.80362564	-1.308129878e-08
-46.79362564	-1.481543984e-08
-46.78362564	-1.677329797e-08
-46.77362564	-1.898288343e-08
-46.76362564	-2.147559868e-08
-46.75362564	-2.428663401e-08
-46.74362564	-2.745540747e-08
-46.73362564	-3.102605356e-08
-46.72362564	-3.504796608e-08
-46.71362564	-3.957640067e-08
-46.70362564	-4.467314333e-08
-46.69362564	-5.040725165e-08
-46.68362564	-5.685587646e-08
-46.67362564	-6.410517191e-08
-46.66362564	-7.225130312e-08
-46.65362564	-8.140156119e-08
-46.64362564	-9.167559642e-08
-46.63362564	-1.032067815e-07
-46.62362564	-1.161437176e-07
-46.61362564	-1.306518972e-07
-46.60362564	-1.469155396e-07
-46.59362564	-1.651396149e-07
-46.58362564	-1.855520757e-07
-46.57362564	-2.084063156e-07
-46.56362564	-2.339838763e-07
-46.55362564	-2.625974273e-07
-46.54362564	-2.945940424e-07
-46.53362564	-3.303588019e-07
-46.52362564	-3.703187499e-07
-46.51362564	-4.149472392e-07
-46.50362564	-4.647686988e-07
-46.49362564	-5.203638627e-07
-46.48362564	-5.823754996e-07
-46.47362564	-6.515146898e-07
-46.46362564	-7.285676953e-07
-46.45362564	-8.144034761e-07
-46.44362564	-9.099819067e-07
-46.43362564	-1.016362754e-06
-46.42362564	-1.13471548e-06
-46.41362564	-1.266329938e-06
-46.40362564	-1.412628035e-06
-46.39362564	-1.575176445e-06
-46.38362564	-1.755700447e-06
-46.37362564	-1.95609899e-06
-46.36362564	-2.178461079e-06
-46.35362564	-2.425083568e-06
-46.34362564	-2.698490505e-06
-46.33362564	-3.001454109e-06
-46.32362564	-3.337017524e-06
-46.31362564	-3.708519479e-06
-46.30362564	-4.11962099e-06
-46.29362564	-4.57433425e-06
-46.28362564	-5.077053866e-06
-46.27362564	-5.632590618e-06
-46.26362564	-6.246207886e-06
-46.25362564	-6.923660955e-06
-46.24362564	-7.67123938e-06
-46.23362564	-8.495812602e-06
-46.22362564	-9.404879041e-06
-46.21362564	-1.040661887e-05
-46.20362564	-1.150995073e-05
-46.19362564	-1.272459252e-05
-46.18362564	-1.406112673e-05
-46.17362564	-1.553107028e-05
-46.16362564	-1.714694933e-05
-46.15362564	-1.892237933e-05
-46.14362564	-2.087215045e-05
-46.13362564	-2.30123188e-05
-46.12362564	-2.536030364e-05
-46.11362564	-2.7934991e-05
-46.10362564	-3.075684381e-05
-46.09362564	-3.3848019e-05
-46.08362564	-3.723249182e-05
-46.07362564	-4.093618763e-05
-46.06362564	-4.498712146e-05
-46.05362564	-4.941554569e-05
-46.04362564	-5.425410602e-05
-46.03362564	-5.953800605e-05
-46.02362564	-6.530518073e-05
-46.01362564	-7.159647878e-05
-46.00362564	-7.84558545e-05
-45.99362564	-8.593056885e-05
-45.98362564	-9.407140024e-05
-45.97362564	-0.0001029328649
-45.96362564	-0.000112573447
-45.95362564	-0.0001230558385
-45.94362564	-0.0001344471887
-45.93362564	-0.0001468193631
-45.92362564	-0.0001602492124
-45.91362564	-0.0001748188497
-45.90362564	-0.0001906159368
-45.89362564	-0.0002077339795
-45.88362564	-0.0002262726296
-45.87362564	-0.0002463379951
-45.86362564	-0.0002680429557
-45.85362564	-0.0002915074853
-45.84362564	-0.000316858977
-45.83362564	-0.0003442325731
-45.82362564	-0.0003737714959
-45.81362564	-0.000405627379
-45.80362564	-0.0004399605972
-45.79362564	-0.0004769405934
-45.78362564	-0.0005167461994
-45.77362564	-0.000559565949
-45.76362564	-0.0006055983808
-45.75362564	-0.0006550523276
-45.74362564	-0.000708147189
-45.73362564	-0.0007651131844
-45.72362564	-0.0008261915827
-45.71362564	-0.0008916349044
-45.70362564	-0.0009617070916
-45.69362564	-0.001036683643
-45.68362564	-0.001116851704
-45.67362564	-0.001202510121
-45.66362564	-0.001293969426
-45.65362564	-0.001391551783
-45.64362564	-0.00149559086
-45.63362564	-0.001606431629
-45.62362564	-0.0017244301
-45.61362564	-0.001849952962
-45.60362564	-0.001983377135
-45.59362564	-0.002125089226
-45.58362564	-0.002275484879
-45.57362564	-0.002434968009
-45.56362564	-0.002603949914
-45.55362564	-0.002782848257
-45.54362564	-0.00297208591
-45.53362564	-0.003172089652
-45.52362564	-0.003383288706
-45.51362564	-0.003606113121
-45.50362564	-0.003840991971
-45.49362564	-0.004088351385
-45.48362564	-0.00434861238
-45.47362564	-0.004622188502
-45.46362564	-0.004909483267
-45.45362564	-0.005210887392
-45.44362564	-0.005526775805
-45.43362564	-0.005857504444
-45.42362564	-0.006203406829
-45.41362564	-0.006564790405
-45.40362564	-0.006941932654
-45.39362564	-0.007335076986
-45.38362564	-0.007744428387
-45.37362564	-0.008170148848
-45.36362564	-0.00861235257
-45.35362564	-0.009071100945
-45.34362564	-0.00954639733
-45.33362564	-0.01003818162
-45.32362564	-0.01054632462
-45.31362564	-0.01107062226
-45.30362564	-0.01161078966
-45.29362564	-0.01216645498
-45.28362564	-0.01273715328
-45.27362564	-0.01332232017
-45.26362564	-0.01392128548
-45.25362564	-0.01453326682
-45.24362564	-0.01515736324
-45.23362564	-0.01579254884
-45.22362564	-0.0164376665
-45.21362564	-0.01709142179
-45.20362564	-0.01775237691
-45.19362564	-0.01841894505
-45.18362564	-0.01908938488
-45.17362564	-0.01976179543
-45.16362564	-0.02043411143
-45.15362564	-0.02110409899
-45.14362564	-0.02176935198
-45.13362564	-0.02242728884
-45.12362564	-0.02307515021
-45.11362564	-0.02370999723
-45.10362564	-0.0243287107
-45.09362564	-0.02492799113
-45.08362564	-0.02550435976
-45.07362564	-0.02605416071
-45.06362564	-0.02657356412
-45.05362564	-0.02705857071
-45.04362564	-0.02750501742
-45.03362564	-0.02790858456
-45.02362564	-0.0282648043
-45.01362564	-0.02856907074
-45.00362564	-0.02881665145
-44.99362564	-0.02900270067
-44.98362564	-0.02912227415
-44.97362564	-0.02917034571
-44.96362564	-0.02914182553
-44.95362564	-0.02903158013
-44.94362564	-0.02883445423
-44.93362564	-0.02854529426
-44.92362564	-0.02815897369
-44.91362564	-0.02767042006
-44.90362564	-0.02707464371
-44.89362564	-0.02636676811
-44.88362564	-0.02554206177
-44.87362564	-0.02459597161
-44.86362564	-0.02352415766
-44.85362564	-0.02232252903
-44.84362564	-0.02098728095
-44.83362564	-0.01951493269
-44.82362564	-0.01790236631
-44.81362564	-0.01614686582
-44.80362564	-0.01424615676
-44.79362564	-0.01219844576
-44.78362564	-0.01000245999
-44.77362564	-0.007657486033
-44.76362564	-0.005163408061
-44.75362564	-0.002520744907
-44.74362564	0.000269314298
-44.73362564	0.003204876226
-44.72362564	0.006283311571
-44.71362564	0.009501225743
-44.70362564	0.0128544324
-44.69362564	0.0163379302
-44.68362564	0.01994588314
-44.67362564	0.0236716049
-44.66362564	0.02750754744
-44.65362564	0.0314452944
-44.64362564	0.0354755595
-44.63362564	0.03958819029
-44.62362564	0.04377217768
-44.61362564	0.04801567136
-44.60362564	0.05230600158
-44.59362564	0.05662970733
-44.58362564	0.0609725712
-44.57362564	0.06531966111
-44.56362564	0.06965537893
-44.55362564	0.07396351608
-44.54362564	0.07822731621
-44.53362564	0.08242954465
-44.52362564	0.08655256488
-44.51362564	0.0905784215
-44.50362564	0.09448892967
-44.49362564	0.09826577063
-44.48362564	0.1018905929
-44.47362564	0.1053451189
-44.46362564	0.108611256
-44.45362564	0.111671212
-44.44362564	0.1145076138
-44.43362564	0.1171036295
-44.42362564	0.1194430911
-44.41362564	0.1215106198
-44.40362564	0.1232917504
-44.39362564	0.1247730554
-44.38362564	0.125942267
-44.37362564	0.1267883963
-44.36362564	0.1273018483
-44.35362564	0.1276111791
-44.34362564	0.1272999652
-44.33362564	0.1267733683
-44.32362564	0.1258917549
-44.31362564	0.1246540081
-44.30362564	0.1230609488
-44.29362564	0.1211153907
-44.28362564	0.1188221834
-44.27362564	0.1161882408
-44.26362564	0.1132225561
-44.25362564	0.1099362006
-44.24362564	0.1063423063
-44.23362564	0.1024560329
-44.22362564	0.09829451683
-44.21362564	0.09387680372
-44.20362564	0.08922376323
-44.19362564	0.08435798663
-44.18362564	0.07930366734
-44.17362564	0.07408646468
-44.16362564	0.06873335161
-44.15362564	0.06327244695
-44.14362564	0.05773283319
-44.13362564	0.052144361
-44.12362564	0.04653744159
-44.11362564	0.04094282862
-44.10362564	0.03539139099
-44.09362564	0.02991387867
-44.08362564	0.02454068321
-44.07362564	0.01930159514
-44.06362564	0.01422556046
-44.05362564	0.009340438485
-44.04362564	0.004672763419
-44.03362564	0.0002475120374
-44.02362564	-0.003912119983
-44.01362564	-0.007784930706
-44.00362564	-0.01135191109
-43.99362564	-0.01459642826
-43.98362564	-0.01750439067
-43.97362564	-0.02006439282
-43.96362564	-0.02226783773
-43.95362564	-0.02410903496
-43.94362564	-0.02558527287
-43.93362564	-0.02669686339
-43.92362564	-0.02744715822
-43.91362564	-0.02784253558
-43.90362564	-0.02789235682
-43.89362564	-0.0276088926
-43.88362564	-0.02700721879
-43.87362564	-0.02610508231
-43.86362564	-0.02492273776
-43.85362564	-0.02348275596
-43.84362564	-0.02180980579
-43.83362564	-0.0199304112
-43.82362564	-0.01787268558
-43.81362564	-0.01566604592
-43.80362564	-0.01334090965
-43.79362564	-0.01092837723
-43.78362564	-0.008459903884
-43.77362564	-0.005966963967
-43.76362564	-0.003480711928
-43.75362564	-0.001031643612
-43.74362564	0.001350737971
-43.73362564	0.003638248364
-43.72362564	0.005804334791
-43.71362564	0.007824372678
-43.70362564	0.009675941651
-43.69362564	0.01133907727
-43.68362564	0.01279649498
-43.67362564	0.01403378299
-43.66362564	0.01503956124
-43.65362564	0.01580560384
-43.64362564	0.01632692284
-43.63362564	0.01660181183
-43.62362564	0.01663184794
-43.61362564	0.01642185199
-43.60362564	0.01597980632
-43.59362564	0.01531673122
-43.58362564	0.01444652069
-43.57362564	0.0133857395
-43.56362564	0.01215338364
-43.55362564	0.01077060703
-43.54362564	0.009260417862
-43.53362564	0.007647348375
-43.52362564	0.00595710245
-43.51362564	0.004216185648
-43.50362564	0.002451522818
-43.49362564	0.0006900685761
-43.48362564	-0.001041583786
-43.47362564	-0.002717589304
-43.46362564	-0.004313228534
-43.45362564	-0.00580526928
-43.44362564	-0.00717230731
-43.43362564	-0.008395080735
-43.42362564	-0.009456753068
-43.41362564	-0.01034316032
-43.40362564	-0.01104301803
-43.39362564	-0.01154808457
-43.38362564	-0.01185327794
-43.37362564	-0.01195674349
-43.36362564	-0.01185987136
-43.35362564	-0.0115672626
-43.34362564	-0.01108664427
-43.33362564	-0.01042873412
-43.32362564	-0.009607056857
-43.31362564	-0.008637714297
-43.30362564	-0.007539112865
-43.29362564	-0.006331652456
-43.28362564	-0.005037381488
-43.27362564	-0.003679623558
-43.26362564	-0.002282581691
-43.25362564	-0.0008709266493
-43.24362564	0.000530623874
-43.23362564	0.0018977281
-43.22362564	0.003206837813
-43.21362564	0.00443560358
-43.20362564	0.005563260411
-43.19362564	0.006570986972
-43.18362564	0.007442231828
-43.17362564	0.008163000686
-43.16362564	0.00872209921
-43.15362564	0.009111326717
-43.14362564	0.00932561685
-43.13362564	0.009363122263
-43.12362564	0.009225241301
-43.11362564	0.008916585711
-43.10362564	0.008444889473
-43.09362564	0.007820859949
-43.08362564	0.007057973608
-43.07362564	0.006172219672
-43.06362564	0.005181796048
-43.05362564	0.004106762843
-43.04362564	0.002968659667
-43.03362564	0.001790093679
-43.02362564	0.0005943059865
-43.01362564	-0.000595275474
-43.00362564	-0.001755488083
-42.99362564	-0.002863883001
-42.98362564	-0.00389916122
-42.97362564	-0.004841588569
-42.96362564	-0.005673381389
-42.95362564	-0.006379055024
-42.94362564	-0.006945727937
-42.93362564	-0.007363375051
-42.92362564	-0.007625024844
-42.91362564	-0.007726895805
-42.90362564	-0.00766846901
-42.89362564	-0.007452494851
-42.88362564	-0.00708493327
-42.87362564	-0.006574828186
-42.86362564	-0.005934118199
-42.85362564	-0.005177386965
-42.84362564	-0.004321557953
-42.83362564	-0.00338553951
-42.82362564	-0.002389827256
-42.81362564	-0.001356071846
-42.80362564	-0.0003066209318
-42.79362564	0.0007359551731
-42.78362564	0.001749344155
-42.77362564	0.002711968479
-42.76362564	0.003603448033
-42.75362564	0.004405038554
-42.74362564	0.005100036187
-42.73362564	0.005674139125
-42.72362564	0.006115758117
-42.71362564	0.00641626868
-42.70362564	0.00657019901
-42.69362564	0.006575348969
-42.68362564	0.006432837012
-42.67362564	0.006147073442
-42.66362564	0.005725660074
-42.65362564	0.005179217988
-42.64362564	0.004521146738
-42.63362564	0.003767319929
-42.62362564	0.002935723639
-42.61362564	0.002046045463
-42.60362564	0.001119223254
-42.59362564	0.0001769636067
-42.58362564	-0.0007587590318
-42.57362564	-0.001666211168
-42.56362564	-0.00252440523
-42.55362564	-0.0033135889
-42.54362564	-0.004015707224
-42.53362564	-0.004614826474
-42.52362564	-0.005097509469
-42.51362564	-0.005453133129
-42.50362564	-0.005674140313
-42.49362564	-0.005756219441
-42.48362564	-0.005698407118
-42.47362564	-0.005503110713
-42.46362564	-0.005176049804
-42.45362564	-0.004726117314
-42.44362564	-0.00416516315
-42.43362564	-0.003507705068
-42.42362564	-0.002770573319
-42.41362564	-0.001972497334
-42.40362564	-0.001133644223
-42.39362564	-0.0002751201605
-42.38362564	0.0005815532421
-42.37362564	0.001414974708
-42.36362564	0.002204397916
-42.35362564	0.002930251557
-42.34362564	0.003574631657
-42.33362564	0.004121753524
-42.32362564	0.004558351623
-42.31362564	0.004874016834
-42.30362564	0.005061462075
-42.29362564	0.005116709003
-42.28362564	0.00503919045
-42.27362564	0.004831765393
-42.26362564	0.004500645466
-42.25362564	0.004055234319
-42.24362564	0.003507883417
-42.23362564	0.002873570092
-42.22362564	0.002169505734
-42.21362564	0.001414683975
-42.20362564	0.0006293803528
-42.19362564	-0.000165383631
-42.18362564	-0.0009483980768
-42.17362564	-0.001698829176
-42.16362564	-0.002396775599
-42.15362564	-0.003023801816
-42.14362564	-0.003563433867
-42.13362564	-0.00400160396
-42.12362564	-0.004327031546
-42.11362564	-0.004531530087
-42.10362564	-0.004610230705
-42.09362564	-0.004561716041
-42.08362564	-0.004388060077
-42.07362564	-0.004094772207
-42.06362564	-0.00369064648
-42.05362564	-0.003187519564
-42.04362564	-0.002599943539
-42.03362564	-0.001944782095
-42.02362564	-0.001240740872
-42.01362564	-0.0005078446994
-42.00362564	0.0002331239673
-41.99362564	0.0009612098193
-41.98362564	0.001655876329
-41.97362564	0.002297587522
-41.96362564	0.002868363295
-41.95362564	0.003352292283
-41.94362564	0.003735987354
-41.93362564	0.004008970298
-41.92362564	0.004163974211
-41.91362564	0.004197154329
-41.90362564	0.004108200634
-41.89362564	0.00390034836
-41.88362564	0.003580285435
-41.87362564	0.003157958931
-41.86362564	0.002646285538
-41.85362564	0.002060773978
-41.84362564	0.001419069902
-41.83362564	0.0007404362427
-41.82362564	4.518398326e-05
-41.81362564	-0.0006459300514
-41.80362564	-0.001312320668
-41.79362564	-0.0019341887
-41.78362564	-0.002493113915
-41.77362564	-0.002972608502
-41.76362564	-0.003358614233
-41.75362564	-0.003639927951
-41.74362564	-0.003808542066
-41.73362564	-0.003859889197
-41.72362564	-0.003792982947
-41.71362564	-0.003610449871
-41.70362564	-0.003318451008
-41.69362564	-0.002926494716
-41.68362564	-0.002447145925
-41.67362564	-0.001895640143
-41.66362564	-0.001289413606
-41.65362564	-0.0006475636404
-41.64362564	9.74439069e-06
-41.63362564	0.0006619053671
-41.62362564	0.001288518479
-41.61362564	0.001870026974
-41.60362564	0.002388333437
-41.59362564	0.002827371066
-41.58362564	0.003173612613
-41.57362564	0.003416500496
-41.56362564	0.003548783955
-41.55362564	0.003566751957
-41.54362564	0.003470353799
-41.53362564	0.003263202898
-41.52362564	0.002952462963
-41.51362564	0.002548619529
-41.50362564	0.00206514357
-41.49362564	0.001518057451
-41.48362564	0.0009254167353
-41.47362564	0.0003067242372
-41.46362564	-0.0003177049795
-41.45362564	-0.0009274071576
-41.44362564	-0.001502440375
-41.43362564	-0.002024040045
-41.42362564	-0.002475237714
-41.41362564	-0.002841422485
-41.40362564	-0.003110826186
-41.39362564	-0.003274915705
-41.38362564	-0.00332867894
-41.37362564	-0.003270794209
-41.36362564	-0.003103676807
-41.35362564	-0.002833400439
-41.34362564	-0.002469495505
-41.33362564	-0.002024630303
-41.32362564	-0.001514185297
-41.31362564	-0.0009557342605
-41.30362564	-0.0003684493779
-41.29362564	0.000227549853
-41.28362564	0.0008118820384
-41.27362564	0.001364600369
-41.26362564	0.001866876359
-41.25362564	0.002301647271
-41.24362564	0.00265420475
-41.23362564	0.002912703993
-41.22362564	0.003068575435
-41.21362564	0.003116824105
-41.20362564	0.003056205656
-41.19362564	0.002889272248
-41.18362564	0.002622285991
-41.17362564	0.002265002239
-41.16362564	0.001830329668
-41.15362564	0.001333878401
-41.14362564	0.0007934115467
-41.13362564	0.0002282189886
-41.12362564	-0.0003415647799
-41.11362564	-0.0008956748639
-41.10362564	-0.001414436962
-41.09362564	-0.001879469463
-41.08362564	-0.002274341431
-41.07362564	-0.002585162676
-41.06362564	-0.002801084337
-41.05362564	-0.002914691495
-41.04362564	-0.002922273063
-41.03362564	-0.002823958561
-41.02362564	-0.002623716109
-41.01362564	-0.00232921099
-41.00362564	-0.00195152919
-40.99362564	-0.001504775324
-40.98362564	-0.001005558979
-40.97362564	-0.0004723877394
-40.96362564	7.501129431e-05
-40.95362564	0.0006164168733
-40.94362564	0.001131859329
-40.93362564	0.001602359181
-40.92362564	0.002010631211
-40.91362564	0.002341727658
-40.90362564	0.002583596288
-40.89362564	0.002727532057
-40.88362564	0.002768504959
-40.87362564	0.002705351109
-40.86362564	0.00254081922
-40.85362564	0.002281469966
-40.84362564	0.001937431288
-40.83362564	0.00152201818
-40.82362564	0.001051230654
-40.81362564	0.0005431483475
-40.80362564	1.724428427e-05
-40.79362564	-0.0005063564466
-40.78362564	-0.001007645045
-40.77362564	-0.001467495092
-40.76362564	-0.001868396979
-40.75362564	-0.002195132255
-40.74362564	-0.002435361619
-40.73362564	-0.002580103422
-40.72362564	-0.002624083599
-40.71362564	-0.002565942844
-40.70362564	-0.002408292269
-40.69362564	-0.002157614616
-40.68362564	-0.001824014153
-40.67362564	-0.001420824253
-40.66362564	-0.0009640873724
-40.65362564	-0.000471927207
-40.64362564	3.616278252e-05
-40.63362564	0.0005400868338
-40.62362564	0.001019940277
-40.61362564	0.001456797572
-40.60362564	0.001833463698
-40.59362564	0.002135158844
-40.58362564	0.002350108802
-40.57362564	0.002470017042
-40.56362564	0.002490399023
-40.55362564	0.002410764671
-40.54362564	0.002234640972
-40.53362564	0.001969433025
-40.52362564	0.001626128352
-40.51362564	0.00121885571
-40.50362564	0.0007643155422
-40.49362564	0.0002811045821
-40.48362564	-0.0002110384418
-40.47362564	-0.0006920356529
-40.46362564	-0.001142288891
-40.45362564	-0.001543481185
-40.44362564	-0.001879327924
-40.43362564	-0.002136246645
-40.42362564	-0.002303917513
-40.41362564	-0.002375710897
-40.40362564	-0.00234896374
-40.39362564	-0.002225092621
-40.38362564	-0.002009538037
-40.37362564	-0.001711541449
-40.36362564	-0.001343763602
-40.35362564	-0.0009217592901
-40.34362564	-0.0004633298538
-40.33362564	1.222005163e-05
-40.32362564	0.0004848906907
-40.31362564	0.0009348268215
-40.30362564	0.001343153411
-40.29362564	0.001692772228
-40.28362564	0.001969085468
-40.27362564	0.002160615455
-40.26362564	0.00225949365
-40.25362564	0.002261797599
-40.24362564	0.002167720787
-40.23362564	0.001981567402
-40.22362564	0.001711571432
-40.21362564	0.001369547072
-40.20362564	0.0009703846608
-40.19362564	0.0005314131297
-40.18362564	7.165582045e-05
-40.17362564	-0.0003889887068
-40.16362564	-0.0008306058024
-40.15362564	-0.001234126772
-40.14362564	-0.001582156455
-40.13362564	-0.001859730227
-40.12362564	-0.002054967139
-40.11362564	-0.002159590269
-40.10362564	-0.002169290941
-40.09362564	-0.0020839202
-40.08362564	-0.001907498373
-40.07362564	-0.001648041501
-40.06362564	-0.001317211497
-40.05362564	-0.000929804661
-40.04362564	-0.0005031004676
-40.03362564	-5.609882555e-05
-40.02362564	0.0003913208547
-40.01362564	0.0008192817725
-40.00362564	0.001208793958
-39.99362564	0.001542601196
-39.98362564	0.001805952673
-39.97362564	0.001987264511
-39.96362564	0.002078641052
-39.95362564	0.002076231919
-39.94362564	0.001980408062
-39.93362564	0.001795748103
-39.92362564	0.001530834789
-39.91362564	0.001197869935
-39.90362564	0.0008121245345
-39.89362564	0.0003912482873
-39.88362564	-4.553067494e-05
-39.87362564	-0.0004782798876
-39.86362564	-0.0008872709262
-39.85362564	-0.001253880695
-39.84362564	-0.001561444353
-39.83362564	-0.001796020571
-39.82362564	-0.001947033609
-39.81362564	-0.002007762158
-39.80362564	-0.001975651785
-39.79362564	-0.001852435819
-39.78362564	-0.001644058286
-39.77362564	-0.001360401654
-39.76362564	-0.001014831202
-39.75362564	-0.0006235764371
-39.74362564	-0.0002049776793
-39.73362564	0.0002213675929
-39.72362564	0.0006355191787
-39.71362564	0.001018126827
-39.70362564	0.001351337498
-39.69362564	0.001619634525
-39.68362564	0.001810568903
-39.67362564	0.001915347848
-39.66362564	0.001929252241
-39.65362564	0.001851862543
-39.64362564	0.001687081715
-39.63362564	0.001442953209
-39.62362564	0.00113128188
-39.61362564	0.0007670750313
-39.60362564	0.0003678295321
-39.59362564	-4.730158656e-05
-39.58362564	-0.0004584236889
-39.57362564	-0.0008458527598
-39.56362564	-0.001191059766
-39.55362564	-0.001477561735
-39.54362564	-0.001691716456
-39.53362564	-0.001823382093
-39.52362564	-0.001866409321
-39.51362564	-0.001818941528
-39.50362564	-0.001683507763
-39.49362564	-0.001466903102
-39.48362564	-0.00117986142
-39.47362564	-0.0008365356669
-39.46362564	-0.000453810246
-39.45362564	-5.047841086e-05
-39.44362564	0.0003536755998
-39.43362564	0.0007388450918
-39.42362564	0.001086172773
-39.41362564	0.001378678181
-39.40362564	0.001602094847
-39.39362564	0.001745575562
-39.38362564	0.0018022304
-39.37362564	0.00176947024
-39.36362564	0.001649138006
-39.35362564	0.001447420298
-39.34362564	0.001174542963
-39.33362564	0.0008442649188
-39.32362564	0.0004731947065
-39.31362564	7.996321105e-05
-39.30362564	-0.0003157066174
-39.29362564	-0.000693986836
-39.28362564	-0.001035939069
-39.27362564	-0.001324466605
-39.26362564	-0.001545175958
-39.25362564	-0.001687104113
-39.24362564	-0.001743274242
-39.23362564	-0.00171105113
-39.22362564	-0.001592277576
-39.21362564	-0.001393184004
-39.20362564	-0.001124075033
-39.19362564	-0.0007988081185
-39.18362564	-0.0004340900278
-39.17362564	-4.862639504e-05
-39.16362564	0.0003378327513
-39.15362564	0.0007055030127
-39.14362564	0.001035579628
-39.13362564	0.001311203423
-39.12362564	0.001518328849
-39.11362564	0.001646449058
-39.10362564	0.001689140079
-39.09362564	0.001644395327
-39.08362564	0.001514732363
-39.07362564	0.001307065541
-39.06362564	0.001032350279
-39.05362564	0.0007050166082
-39.04362564	0.0003422207026
-39.03362564	-3.704727262e-05
-39.02362564	-0.0004129529491
-39.01362564	-0.0007658538006
-39.00362564	-0.001077327378
-38.99362564	-0.001331137798
-38.98362564	-0.001514089518
-38.97362564	-0.001616723095
-38.96362564	-0.001633815717
-38.95362564	-0.001564659414
-38.94362564	-0.00141310144
-38.93362564	-0.001187343844
-38.92362564	-0.000899511981
-38.91362564	-0.0005650140123
-38.90362564	-0.0002017246826
-38.89362564	0.0001709638397
-38.88362564	0.0005331739613
-38.87362564	0.0008656027381
-38.86362564	0.001150553482
-38.85362564	0.001372883601
-38.84362564	0.001520817582
-38.83362564	0.001586581015
-38.82362564	0.001566820952
-38.81362564	0.001462789219
-38.80362564	0.001280277977
-38.79362564	0.001029310124
-38.78362564	0.0007236004219
-38.77362564	0.0003798156966
-38.76362564	1.667352207e-05
-38.75362564	-0.0003460722683
-38.74362564	-0.000688704488
-38.73362564	-0.0009926157259
-38.72362564	-0.001241323201
-38.71362564	-0.001421369748
-38.70362564	-0.001523061275
-38.69362564	-0.001540999783
-38.68362564	-0.001474381992
-38.67362564	-0.001327046391
-38.66362564	-0.00110726526
-38.65362564	-0.0008272922107
-38.64362564	-0.000502689383
-38.63362564	-0.000151470645
-38.62362564	0.0002068924494
-38.61362564	0.0005525474012
-38.60362564	0.000866360802
-38.59362564	0.001130980683
-38.58362564	0.001331802003
-38.57362564	0.001457781203
-38.56362564	0.00150205392
-38.55362564	0.001462320713
-38.54362564	0.001340978456
-38.53362564	0.00114498919
-38.52362564	0.0008854928988
-38.51362564	0.0005771850686
-38.50362564	0.0002374932288
-38.49362564	-0.0001144018715
-38.48362564	-0.0004586458122
-38.47362564	-0.0007758302044
-38.46362564	-0.001048089413
-38.45362564	-0.001260112179
-38.44362564	-0.001400010537
-38.43362564	-0.001459996273
-38.42362564	-0.001436825847
-38.41362564	-0.001331987706
-38.40362564	-0.00115162047
-38.39362564	-0.0009061657633
-38.38362564	-0.0006097746411
-38.37362564	-0.0002795007518
-38.36362564	6.567427665e-05
-38.35362564	0.0004059278855
-38.34362564	0.0007217340302
-38.33362564	0.0009949857917
-38.32362564	0.001210038482
-38.31362564	0.001354612857
-38.30362564	0.001420505844
-38.29362564	0.00140406709
-38.28362564	0.001306412983
-38.27362564	0.001133364893
-38.26362564	0.0008951143308
-38.25362564	0.0006056335858
-38.24362564	0.0002818653082
-38.23362564	-5.726246683e-05
-38.22362564	-0.0003919389697
-38.21362564	-0.0007026270017
-38.20362564	-0.0009712054507
-38.19362564	-0.001182031074
-38.18362564	-0.001322857041
-38.17362564	-0.001385553849
-38.16362564	-0.001366589622
-38.15362564	-0.001267240731
-38.14362564	-0.00109351949
-38.13362564	-0.0008558222886
-38.12362564	-0.0005683180505
-38.11362564	-0.0002481123933
-38.10362564	8.57637245e-05
-38.09362564	0.0004134814342
-38.08362564	0.0007155908808
-38.07362564	0.0009741778154
-38.06362564	0.001173930934
-38.05362564	0.001303056054
-38.04362564	0.001353982093
-38.03362564	0.001323815994
-38.02362564	0.001214518601
-38.01362564	0.001032790077
-38.00362564	0.0007896708273
-37.99362564	0.0004998810169
-37.98362564	0.0001809375899
-37.97362564	-0.0001478987312
-37.96362564	-0.000466783508
-37.95362564	-0.0007564860152
-37.94362564	-0.0009995517794
-37.93362564	-0.001181359768
-37.92362564	-0.001291009847
-37.91362564	-0.001321986158
-37.90362564	-0.001272555414
-37.89362564	-0.001145875096
-37.88362564	-0.0009498040684
-37.87362564	-0.0006964262504
-37.86362564	-0.0004013155372
-37.85362564	-8.258611846e-05
-37.84362564	0.0002402143543
-37.83362564	0.0005473014166
-37.82362564	0.0008198671237
-37.81362564	0.001041235602
-37.80362564	0.001197889584
-37.79362564	0.001280304349
-37.78362564	0.001283537068
-37.77362564	0.001207534456
-37.76362564	0.001057138881
-37.75362564	0.0008417916199
-37.74362564	0.0005749507716
-37.73362564	0.000273259034
-37.72362564	-4.448770345e-05
-37.71362564	-0.000358507445
-37.70362564	-0.0006492626115
-37.69362564	-0.0008986775138
-37.68362564	-0.001091266782
-37.67362564	-0.001215103999
-37.66362564	-0.001262569496
-37.65362564	-0.001230829823
-37.64362564	-0.00112201806
-37.63362564	-0.0009431027598
-37.62362564	-0.0007054528386
-37.61362564	-0.0004241249052
-37.60362564	-0.0001169170863
-37.59362564	0.0001967516634
-37.58362564	0.0004970665257
-37.57362564	0.0007650689374
-37.56362564	0.0009838567021
-37.55362564	0.00113965591
-37.54362564	0.001222696299
-37.53362564	0.001227833892
-37.52362564	0.001154880598
-37.51362564	0.001008618931
-37.50362564	0.000798500017
-37.49362564	0.0005380432232
-37.48362564	0.00024397491
-37.47362564	-6.48393745e-05
-37.46362564	-0.0003686014827
-37.45362564	-0.0006478490955
-37.44362564	-0.0008847047691
-37.43362564	-0.001064025294
-37.42362564	-0.001174377151
-37.41362564	-0.00120877476
-37.40362564	-0.001165133229
-37.39362564	-0.001046405595
-37.38362564	-0.0008603947629
-37.37362564	-0.0006192514071
-37.36362564	-0.0003386894458
-37.35362564	-3.696916803e-05
-37.34362564	0.0002662866386
-37.33362564	0.0005513670933
-37.32362564	0.0007997555001
-37.31362564	0.0009953359964
-37.30362564	0.001125445676
-37.29362564	0.001181703064
-37.28362564	0.001160558167
-37.27362564	0.001063527334
-37.26362564	0.0008970966497
-37.25362564	0.000672299286
-37.24362564	0.0004039936325
-37.23362564	0.0001098888309
-37.22362564	-0.000190618875
-37.21362564	-0.0004777228434
-37.20362564	-0.0007325119106
-37.19362564	-0.000938219305
-37.18362564	-0.001081331893
-37.17362564	-0.001152485975
-37.16362564	-0.001147089702
-37.15362564	-0.001065630083
-37.14362564	-0.0009136433366
-37.13362564	-0.0007013496269
-37.12362564	-0.0004429755712
-37.11362564	-0.0001558087893
-37.10362564	0.0001409531937
-37.09362564	0.0004274834068
-37.08362564	0.0006846500379
-37.07362564	0.00089529668
-37.06362564	0.001045392353
-37.05362564	0.001124973841
-37.04362564	0.001128816517
-37.03362564	0.001056787862
-37.02362564	0.0009138590137
-37.01362564	0.0007097726692
-37.00362564	0.0004583887783
-36.99362564	0.0001767513379
-36.98362564	-0.0001160614237
-36.97362564	-0.0004002262807
-36.96362564	-0.0006565167449
-36.95362564	-0.0008676064949
-36.94362564	-0.001019245952
-36.93362564	-0.001101231739
-36.92362564	-0.001108102548
-36.91362564	-0.001039513314
-36.90362564	-0.0009002613333
-36.89362564	-0.000699961633
-36.88362564	-0.0004523928193
-36.87362564	-0.0001745572585
-36.86362564	0.0001144808443
-36.85362564	0.0003949004502
-36.84362564	0.0006474826472
-36.83362564	0.000854930404
-36.82362564	0.001003058306
-36.81362564	0.00108177007
-36.80362564	0.001085755954
-36.79362564	0.001014861243
-36.78362564	0.0008740995087
-36.77362564	0.0006733088047
-36.76362564	0.0004264736447
-36.75362564	0.0001507588357
-36.74362564	-0.0001346786123
-36.73362564	-0.0004100176397
-36.72362564	-0.0006561494665
-36.71362564	-0.0008560065218
-36.70362564	-0.0009957513521
-36.69362564	-0.001065742306
-36.68362564	-0.001061208061
-36.67362564	-0.0009825831504
-36.66362564	-0.0008354801567
-36.65362564	-0.0006302995871
-36.64362564	-0.0003815038272
-36.63362564	-0.0001066052101
-36.62362564	0.0001750615048
-36.61362564	0.0004436965544
-36.60362564	0.000680427361
-36.59362564	0.0008686375617
-36.58362564	0.0009951390571
-36.57362564	0.001051103993
-36.56362564	0.00103269025
-36.55362564	0.0009413154488
-36.54362564	0.0007835591849
-36.53362564	0.000570699484
-36.52362564	0.0003179154166
-36.51362564	4.321163252e-05
-36.50362564	-0.0002338594744
-36.49362564	-0.0004935875929
-36.48362564	-0.000717507642
-36.47362564	-0.0008897162743
-36.46362564	-0.0009980075928
-36.45362564	-0.001034746526
-36.44362564	-0.0009974167702
-36.43362564	-0.000888803277
-36.42362564	-0.0007167953019
-36.41362564	-0.0004938231924
-36.40362564	-0.0002359684271
-36.39362564	3.8189966e-05
-36.38362564	0.000308910303
-36.37362564	0.0005567087998
-36.36362564	0.0007637636354
-36.35362564	0.0009152012013
-36.34362564	0.001000171372
-36.33362564	0.001012633562
-36.32362564	0.0009517959781
-36.31362564	0.0008221754213
-36.30362564	0.0006332723472
-36.29362564	0.000398883843
-36.28362564	0.0001361035238
-36.27362564	-0.000135919697
-36.26362564	-0.0003973742161
-36.25362564	-0.0006292286447
-36.24362564	-0.0008146199094
-36.23362564	-0.0009400850926
-36.22362564	-0.0009965466272
-36.21362564	-0.0009799781916
-36.20362564	-0.0008917017825
-36.19362564	-0.0007382933021
-36.18362564	-0.0005311026402
-36.17362564	-0.0002854225573
-36.16362564	-1.936660688e-05
-36.15362564	0.0002474620567
-36.14362564	0.0004954134595
-36.13362564	0.0007062390995
-36.12362564	0.0008644389036
-36.11362564	0.000958407133
-36.10362564	0.0009812920429
-36.09362564	0.0009315050051
-36.08362564	0.0008128405457
-36.07362564	0.0006341974735
-36.06362564	0.0004089208439
-36.05362564	0.0001538127372
-36.04362564	-0.000112115383
-36.03362564	-0.000369056492
-36.02362564	-0.0005978830761
-36.01362564	-0.0007815736109
-36.00362564	-0.0009064838626
-35.99362564	-0.0009633676699
-35.98362564	-0.0009480702847
-35.97362564	-0.0008618416028
-35.96362564	-0.0007112449268
-35.95362564	-0.0005076671517
-35.94362564	-0.0002664662105
-35.93362564	-5.818983748e-06
-35.92362564	0.0002546443804
-35.91362564	0.0004953174318
-35.90362564	0.0006980946427
-35.89362564	0.0008477374817
-35.88362564	0.0009330259549
-35.87362564	0.0009476081059
-35.86362564	0.0008904825245
-35.85362564	0.0007660764896
-35.84362564	0.0005839128875
-35.83362564	0.0003578902212
-35.82362564	0.0001052294731
-35.81362564	-0.0001548329217
-35.80362564	-0.0004025071686
-35.79362564	-0.0006189563249
-35.78362564	-0.0007877319622
-35.77362564	-0.0008960296211
-35.76362564	-0.0009356678074
-35.75362564	-0.0009037150916
-35.74362564	-0.0008027165491
-35.73362564	-0.0006405012927
-35.72362564	-0.0004295848911
-35.71362564	-0.0001862115805
-35.70362564	7.089102493e-05
-35.69362564	0.0003219496973
-35.68362564	0.0005476657016
-35.67362564	0.0007307004204
-35.66362564	0.000857011962
-35.65362564	0.0009169393405
-35.64362564	0.0009059499784
-35.63362564	0.0008249920231
-35.62362564	0.0006804233465
-35.61362564	0.0004835217717
-35.60362564	0.0002496135296
-35.59362564	-3.113333555e-06
-35.58362564	-0.0002550192135
-35.57362564	-0.0004865378239
-35.56362564	-0.0006796973912
-35.55362564	-0.0008195197827
-35.54362564	-0.0008951883199
-35.53362564	-0.0009008927232
-35.52362564	-0.0008362845386
-35.51362564	-0.0007065066166
-35.50362564	-0.0005217933939
-35.49362564	-0.0002966723034
-35.48362564	-4.882796829e-05
-35.47362564	0.0002022825405
-35.46362564	0.0004369552983
-35.45362564	0.0006367864941
-35.44362564	0.0007861192421
-35.43362564	0.0008732762122
-35.42362564	0.0008914805654
-35.41362564	0.0008393919413
-35.40362564	0.0007212143846
-35.39362564	0.0005463667539
-35.38362564	0.0003287407009
-35.37362564	8.560399852e-05
-35.36362564	-0.0001637647526
-35.35362564	-0.000399602466
-35.34362564	-0.0006032282881
-35.33362564	-0.0007585264483
-35.32362564	-0.0008532272791
-35.31362564	-0.0008798841308
-35.30362564	-0.0008364677937
-35.29362564	-0.0007265302643
-35.28362564	-0.0005589238732
-35.27362564	-0.0003470972274
-35.26362564	-0.000108023271
-35.25362564	0.0001391556571
-35.24362564	0.000374658002
-35.23362564	0.0005796462822
-35.22362564	0.0007377367445
-35.21362564	0.0008363141593
-35.20362564	0.0008675458117
-35.19362564	0.0008290125894
-35.18362564	0.0007239056114
-35.17362564	0.0005607716509
-35.16362564	0.0003528268997
-35.15362564	0.0001168934754
-35.14362564	-0.0001279563224
-35.13362564	-0.0003619391498
-35.12362564	-0.0005661591454
-35.11362564	-0.0007241366682
-35.10362564	-0.0008231433369
-35.09362564	-0.0008552347877
-35.08362564	-0.0008178967629
-35.07362564	-0.0007142512777
-35.06362564	-0.0005528051948
-35.05362564	-0.0003467606912
-35.04362564	-0.0001129428099
-35.03362564	0.00012956936
-35.02362564	0.0003609969186
-35.01362564	0.0005624743961
-35.00362564	0.0007175904014
-34.99362564	0.0008137296267
-34.98362564	0.0008431060354
-34.97362564	0.0008034020205
-34.96362564	0.0006979603514
-34.95362564	0.000535512247
-34.94362564	0.0003294629315
-34.93362564	9.67924396e-05
-34.92362564	-0.0001433387662
-34.91362564	-0.0003711652563
-34.90362564	-0.0005679438211
-34.89362564	-0.0007174983973
-34.88362564	-0.0008075551413
-34.87362564	-0.0008307570154
-34.86362564	-0.0007852734099
-34.85362564	-0.0006749535678
-34.84362564	-0.0005090101842
-34.83362564	-0.0003012584283
-34.82362564	-6.897255969e-05
-34.81362564	0.000168545784
-34.80362564	0.0003915693418
-34.79362564	0.0005815842716
-34.78362564	0.0007228302432
-34.77362564	0.0008036131954
-34.76362564	0.0008172809401
-34.75362564	0.0007627795974
-34.74362564	0.0006447435865
-34.73362564	0.0004731107179
-34.72362564	0.0002622936027
-34.71362564	2.997579219e-05
-34.70362564	-0.0002043673222
-34.69362564	-0.0004210994814
-34.68362564	-0.0006020699463
-34.67362564	-0.0007321371716
-34.66362564	-0.0008004415473
-34.65362564	-0.0008013197294
-34.64362564	-0.0007347829268
-34.63362564	-0.0006065180079
-34.62362564	-0.000427410387
-34.61362564	-0.0002126279746
-34.60362564	1.965736639e-05
-34.59362564	0.0002498035823
-34.58362564	0.0004583582589
-34.57362564	0.0006277043434
-34.56362564	0.0007435523865
-34.55362564	0.0007961525513
-34.54362564	0.0007811230508
-34.53362564	0.0006998239472
-34.52362564	0.000559243667
-34.51362564	0.0003714069247
-34.50362564	0.0001523534905
-34.49362564	-7.922608185e-05
-34.48362564	-0.000303582182
-34.47362564	-0.0005015900196
-34.46362564	-0.0006563821089
-34.45362564	-0.0007547898177
-34.44362564	-0.0007884703716
-34.43362564	-0.0007546222849
-34.42362564	-0.0006562271595
-34.41362564	-0.000501796215
-34.40362564	-0.0003046423287
-34.39362564	-8.173914581e-05
-34.38362564	0.0001477355408
-34.37362564	0.0003640475358
-34.36362564	0.0005486037237
