-51.29744814	-1.499725208e-45
-51.28744814	-1.911618927e-45
-51.27744814	-2.436123546e-45
-51.26744814	-3.103884787e-45
-51.25744814	-3.953849265e-45
-51.24744814	-5.035502268e-45
-51.23744814	-6.411705888e-45
-51.22744814	-8.162297803e-45
-51.21744814	-1.038865356e-44
-51.20744814	-1.321946907e-44
-51.19744814	-1.681808801e-44
-51.18744814	-2.139178498e-44
-51.17744814	-2.720352361e-44
-51.16744814	-3.458684647e-44
-51.15744814	-4.396472663e-44
-51.14744814	-5.587342962e-44
-51.13744814	-7.099271102e-44
-51.12744814	-9.018402329e-44
-51.11744814	-1.145388454e-43
-51.10744814	-1.454398043e-43
-51.09744814	-1.846379556e-43
-51.08744814	-2.343504763e-43
-51.07744814	-2.973841306e-43
-51.06744814	-3.772912772e-43
-51.05744814	-4.785669479e-43
-51.04744814	-6.068977575e-43
-51.03744814	-7.694762054e-43
-51.02744814	-9.75397461e-43
-51.01744814	-1.236160167e-42
-51.00744814	-1.566298391e-42
-50.99744814	-1.984178887e-42
-50.98744814	-2.513006697e-42
-50.97744814	-3.182093236e-42
-50.96744814	-4.028455038e-42
-50.95744814	-5.098828914e-42
-50.94744814	-6.452211436e-42
-50.93744814	-8.163058436e-42
-50.92744814	-1.032531517e-41
-50.91744814	-1.305749166e-41
-50.90744814	-1.650905286e-41
-50.89744814	-2.086846243e-41
-50.88744814	-2.637330577e-41
-50.87744814	-3.332302691e-41
-50.86744814	-4.209495065e-41
-50.85744814	-5.316443267e-41
-50.84744814	-6.71301955e-41
-50.83744814	-8.474617779e-41
-50.82744814	-1.069615624e-40
-50.81744814	-1.349710718e-40
-50.80744814	-1.702781512e-40
-50.79744814	-2.147743217e-40
-50.78744814	-2.708388222e-40
-50.77744814	-3.414636959e-40
-50.76744814	-4.304107859e-40
-50.75744814	-5.424087335e-40
-50.74744814	-6.834001165e-40
-50.73744814	-8.608514181e-40
-50.72744814	-1.084141713e-39
-50.71744814	-1.365049947e-39
-50.70744814	-1.718365685e-39
-50.69744814	-2.162654429e-39
-50.68744814	-2.721216421e-39
-50.67744814	-3.423287554e-39
-50.66744814	-4.305543193e-39
-50.65744814	-5.413980884e-39
-50.64744814	-6.806276856e-39
-50.63744814	-8.554734889e-39
-50.62744814	-1.074997559e-38
-50.61744814	-1.350555094e-38
-50.60744814	-1.696371483e-38
-50.59744814	-2.13026375e-38
-50.58744814	-2.674542313e-38
-50.57744814	-3.357137863e-38
-50.56744814	-4.21300924e-38
-50.55744814	-5.285901966e-38
-50.54744814	-6.630544269e-38
-50.53744814	-8.315388798e-38
-50.52744814	-1.042603484e-37
-50.51744814	-1.306949896e-37
-50.50744814	-1.637954311e-37
-50.49744814	-2.052332066e-37
-50.48744814	-2.570966414e-37
-50.47744814	-3.219941819e-37
-50.46744814	-4.031831906e-37
-50.45744814	-5.047304477e-37
-50.44744814	-6.317121177e-37
-50.43744814	-7.904628249e-37
-50.42744814	-9.888858286e-37
-50.41744814	-1.236839193e-36
-50.40744814	-1.546616462e-36
-50.39744814	-1.933544819e-36
-50.38744814	-2.416729284e-36
-50.37744814	-3.019978373e-36
-50.36744814	-3.772955203e-36
-50.35744814	-4.712608613e-36
-50.34744814	-5.884951995e-36
-50.33744814	-7.347273798e-36
-50.32744814	-9.170883812e-36
-50.31744814	-1.144452429e-35
-50.30744814	-1.427860583e-35
-50.29744814	-1.781046626e-35
-50.28744814	-2.221089794e-35
-50.27744814	-2.769224756e-35
-50.26744814	-3.451846493e-35
-50.25744814	-4.301756663e-35
-50.24744814	-5.359709129e-35
-50.23744814	-6.676325996e-35
-50.22744814	-8.314472426e-35
-50.21744814	-1.035219935e-34
-50.20744814	-1.288638902e-34
-50.19744814	-1.603727029e-34
-50.18744814	-1.995400949e-34
-50.17744814	-2.48216319e-34
-50.16744814	-3.086958802e-34
-50.15744814	-3.83823532e-34
-50.14744814	-4.771254012e-34
-50.13744814	-5.929711579e-34
-50.12744814	-7.367745348e-34
-50.11744814	-9.152412039e-34
-50.10744814	-1.13667512e-33
-50.09744814	-1.411357032e-33
-50.08744814	-1.752012051e-33
-50.07744814	-2.174387087e-33
-50.06744814	-2.697963796e-33
-50.05744814	-3.346838635e-33
-50.04744814	-4.150808913e-33
-50.03744814	-5.146712754e-33
-50.02744814	-6.38008191e-33
-50.01744814	-7.907179982e-33
-50.00744814	-9.797515312e-33
-49.99744814	-1.213693833e-32
-49.98744814	-1.503145833e-32
-49.97744814	-1.861194574e-32
-49.96744814	-2.303992368e-32
-49.95744814	-2.851469971e-32
-49.94744814	-3.528214541e-32
-49.93744814	-4.364550216e-32
-49.92744814	-5.39786773e-32
-49.91744814	-6.674260066e-32
-49.90744814	-8.250534091e-32
-49.89744814	-1.019668399e-31
-49.88744814	-1.259893175e-31
-49.87744814	-1.556346381e-31
-49.86744814	-1.922102207e-31
-49.85744814	-2.373254328e-31
-49.84744814	-2.929608445e-31
-49.83744814	-3.615532548e-31
-49.82744814	-4.461000549e-31
-49.81744814	-5.502872976e-31
-49.80744814	-6.786468135e-31
-49.79744814	-8.367489192e-31
-49.78744814	-1.031438718e-30
-49.77744814	-1.271125782e-30
-49.76744814	-1.566139189e-30
-49.75744814	-1.929162543e-30
-49.74744814	-2.375766878e-30
-49.73744814	-2.92506328e-30
-49.72744814	-3.60050196e-30
-49.71744814	-4.430850351e-30
-49.70744814	-5.45139008e-30
-49.69744814	-6.705381389e-30
-49.68744814	-8.245854339e-30
-49.67744814	-1.013779914e-29
-49.66744814	-1.246084391e-29
-49.65744814	-1.531252741e-29
-49.64744814	-1.88122981e-29
-49.63744814	-2.310639926e-29
-49.62744814	-2.837383521e-29
-49.61744814	-3.483365587e-29
-49.60744814	-4.275384871e-29
-49.59744814	-5.246219016e-29
-49.58744814	-6.435948467e-29
-49.57744814	-7.893571285e-29
-49.56744814	-9.678972277e-29
-49.55744814	-1.186532358e-28
-49.54744814	-1.454201045e-28
-49.53744814	-1.781819632e-28
-49.52744814	-2.18271656e-28
-49.51744814	-2.67316126e-28
-49.50744814	-3.273008098e-28
-49.49744814	-4.006480201e-28
-49.48744814	-4.903123312e-28
-49.47744814	-5.998966238e-28
-49.46744814	-7.337932283e-28
-49.45744814	-8.97355552e-28
-49.44744814	-1.097106715e-27
-49.43744814	-1.340993118e-27
-49.42744814	-1.638692526e-27
-49.41744814	-2.001988301e-27
-49.40744814	-2.445223874e-27
-49.39744814	-2.985854487e-27
-49.38744814	-3.645116893e-27
-49.37744814	-4.448841976e-27
-49.36744814	-5.428440565e-27
-49.35744814	-6.622099027e-27
-49.34744814	-8.076228892e-27
-49.33744814	-9.847224044e-27
-49.32744814	-1.200359015e-26
-49.31744814	-1.462852453e-26
-49.30744814	-1.782304085e-26
-49.29744814	-2.170975285e-26
-49.28744814	-2.643745469e-26
-49.27744814	-3.218666433e-26
-49.26744814	-3.917633054e-26
-49.25744814	-4.767194572e-26
-49.24744814	-5.799535654e-26
-49.23744814	-7.053662453e-26
-49.22744814	-8.576836115e-26
-49.21744814	-1.042630491e-25
-49.20744814	-1.267139659e-25
-49.19744814	-1.539604531e-25
-49.18744814	-1.870184241e-25
-49.17744814	-2.271171877e-25
-49.16744814	-2.757438829e-25
-49.15744814	-3.346970836e-25
-49.14744814	-4.061514468e-25
-49.13744814	-4.927356616e-25
-49.12744814	-5.97626406e-25
-49.11744814	-7.246615721e-25
-49.10744814	-8.784766709e-25
-49.09744814	-1.064669121e-24
-49.08744814	-1.289996061e-24
-49.07744814	-1.562612474e-24
-49.06744814	-1.892357743e-24
-49.05744814	-2.291100411e-24
-49.04744814	-2.773152841e-24
-49.03744814	-3.355769822e-24
-49.02744814	-4.059747945e-24
-49.01744814	-4.910145918e-24
-49.00744814	-5.937149982e-24
-48.99744814	-7.17711338e-24
-48.98744814	-8.67380453e-24
-48.97744814	-1.047990539e-23
-48.96744814	-1.26588097e-23
-48.95744814	-1.528678044e-23
-48.94744814	-1.845553763e-23
-48.93744814	-2.227536146e-23
-48.92744814	-2.687881214e-23
-48.91744814	-3.242518817e-23
-48.90744814	-3.910586765e-23
-48.89744814	-4.715070618e-23
-48.88744814	-5.683569793e-23
-48.87744814	-6.849214679e-23
-48.86744814	-8.251764227e-23
-48.85744814	-9.938919135e-23
-48.84744814	-1.196789256e-22
-48.83744814	-1.440728833e-22
-48.82744814	-1.733934618e-22
-48.81744814	-2.086262505e-22
-48.80744814	-2.50952089e-22
-48.79744814	-3.017853582e-22
-48.78744814	-3.628197024e-22
-48.77744814	-4.360826095e-22
-48.76744814	-5.240005453e-22
-48.75744814	-6.29476664e-22
-48.74744814	-7.559834924e-22
-48.73744814	-9.07673444e-22
-48.72744814	-1.089510555e-21
-48.71744814	-1.307427472e-21
-48.70744814	-1.568512475e-21
-48.69744814	-1.881232224e-21
-48.68744814	-2.255696971e-21
-48.67744814	-2.703976246e-21
-48.66744814	-3.240474504e-21
-48.65744814	-3.882378011e-21
-48.64744814	-4.650186303e-21
-48.63744814	-5.568344058e-21
-48.62744814	-6.665992118e-21
-48.61744814	-7.977859878e-21
-48.60744814	-9.545325342e-21
-48.59744814	-1.141767397e-20
-48.58744814	-1.365359316e-20
-48.57744814	-1.632294596e-20
-48.56744814	-1.950887556e-20
-48.55744814	-2.331030146e-20
-48.54744814	-2.784487943e-20
-48.53744814	-3.325251036e-20
-48.52744814	-3.969949846e-20
-48.51744814	-4.738347767e-20
-48.50744814	-5.653924637e-20
-48.49744814	-6.744567574e-20
-48.48744814	-8.043388708e-20
-48.47744814	-9.589692805e-20
-48.46744814	-1.143012193e-19
-48.45744814	-1.362000915e-19
-48.44744814	-1.622497887e-19
-48.43744814	-1.932283841e-19
-48.42744814	-2.300581276e-19
-48.41744814	-2.738318442e-19
-48.40744814	-3.258441041e-19
-48.39744814	-3.876280192e-19
-48.38744814	-4.609986652e-19
-48.37744814	-5.481043094e-19
-48.36744814	-6.514868275e-19
-48.35744814	-7.741529356e-19
-48.34744814	-9.196581494e-19
-48.33744814	-1.092205712e-18
-48.32744814	-1.296763123e-18
-48.31744814	-1.539199363e-18
-48.30744814	-1.826446433e-18
-48.29744814	-2.166689456e-18
-48.28744814	-2.569590337e-18
-48.27744814	-3.046550799e-18
-48.26744814	-3.611021659e-18
-48.25744814	-4.27886633e-18
-48.24744814	-5.068787953e-18
-48.23744814	-6.002831108e-18
-48.22744814	-7.106970973e-18
-48.21744814	-8.411804926e-18
-48.20744814	-9.953364175e-18
-48.19744814	-1.177406592e-17
-48.18744814	-1.392383004e-17
-48.17744814	-1.646138831e-17
-48.16744814	-1.945581891e-17
-48.15744814	-2.298834425e-17
-48.14744814	-2.715443692e-17
-48.13744814	-3.206628543e-17
-48.12744814	-3.785568059e-17
-48.11744814	-4.467739302e-17
-48.10744814	-5.271312415e-17
-48.09744814	-6.21761266e-17
-48.08744814	-7.331660552e-17
-48.07744814	-8.642803103e-17
-48.06744814	-1.018545128e-16
-48.05744814	-1.199994129e-16
-48.04744814	-1.413354015e-16
-48.03744814	-1.664161931e-16
-48.02744814	-1.958902398e-16
-48.01744814	-2.305167034e-16
-48.00744814	-2.711840773e-16
-47.99744814	-3.189318939e-16
-47.98744814	-3.749760171e-16
-47.97744814	-4.407381046e-16
-47.96744814	-5.178799143e-16
-47.95744814	-6.083432404e-16
-47.94744814	-7.143963839e-16
-47.93744814	-8.386882117e-16
-47.92744814	-9.843110219e-16
-47.91744814	-1.154873623e-15
-47.90744814	-1.354586262e-15
-47.89744814	-1.588359283e-15
-47.88744814	-1.861917705e-15
-47.87744814	-2.181934237e-15
-47.86744814	-2.556183646e-15
-47.85744814	-2.993721842e-15
-47.84744814	-3.505093576e-15
-47.83744814	-4.102573228e-15
-47.82744814	-4.800443867e-15
-47.81744814	-5.615320555e-15
-47.80744814	-6.566524777e-15
-47.79744814	-7.67651794e-15
-47.78744814	-8.971403073e-15
-47.77744814	-1.048150526e-14
-47.76744814	-1.224204295e-14
-47.75744814	-1.429390403e-14
-47.74744814	-1.66845428e-14
-47.73744814	-1.946901628e-14
-47.72744814	-2.271118095e-14
-47.71744814	-2.648507446e-14
-47.70744814	-3.087651032e-14
-47.69744814	-3.598491745e-14
-47.68744814	-4.192546193e-14
-47.67744814	-4.883149287e-14
-47.66744814	-5.685736123e-14
-47.65744814	-6.61816672e-14
-47.64744814	-7.701099983e-14
-47.63744814	-8.958424219e-14
-47.62744814	-1.041775255e-13
-47.61744814	-1.211099286e-13
-47.60744814	-1.40750031e-13
-47.59744814	-1.63523447e-13
-47.58744814	-1.899214826e-13
-47.57744814	-2.205110787e-13
-47.56744814	-2.559462297e-13
-47.55744814	-2.969810893e-13
-47.54744814	-3.444850083e-13
-47.53744814	-3.99459782e-13
-47.52744814	-4.630594262e-13
-47.51744814	-5.366128414e-13
-47.50744814	-6.2164978e-13
-47.49744814	-7.199305841e-13
-47.48744814	-8.334802307e-13
-47.47744814	-9.646272916e-13
-47.46744814	-1.116048502e-12
-47.45744814	-1.290819727e-12
-47.44744814	-1.492474211e-12
-47.43744814	-1.725069152e-12
-47.42744814	-1.993261722e-12
-47.41744814	-2.302395881e-12
-47.40744814	-2.658601443e-12
-47.39744814	-3.06890711e-12
-47.38744814	-3.541369364e-12
-47.37744814	-4.085219412e-12
-47.36744814	-4.711030618e-12
-47.35744814	-5.430909234e-12
-47.34744814	-6.258711554e-12
-47.33744814	-7.210291082e-12
-47.32744814	-8.303779726e-12
-47.31744814	-9.55990759e-12
-47.30744814	-1.100236651e-11
-47.29744814	-1.265822315e-11
-47.28744814	-1.455838821e-11
-47.27744814	-1.673814923e-11
-47.26744814	-1.923777516e-11
-47.25744814	-2.21032024e-11
-47.24744814	-2.538681263e-11
-47.23744814	-2.914831459e-11
-47.22744814	-3.345574317e-11
-47.21744814	-3.838659101e-11
-47.20744814	-4.402908953e-11
-47.19744814	-5.04836587e-11
-47.18744814	-5.786454691e-11
-47.17744814	-6.630168518e-11
-47.16744814	-7.594278278e-11
-47.15744814	-8.695569474e-11
-47.14744814	-9.953109534e-11
-47.13744814	-1.138854957e-10
-47.12744814	-1.302646488e-10
-47.11744814	-1.489473888e-10
-47.10744814	-1.7024996e-10
-47.09744814	-1.94530894e-10
-47.08744814	-2.22196503e-10
-47.07744814	-2.537070641e-10
-47.06744814	-2.895837784e-10
-47.05744814	-3.304165985e-10
-47.04744814	-3.76873029e-10
-47.03744814	-4.297080163e-10
-47.02744814	-4.897750568e-10
-47.01744814	-5.580386696e-10
-47.00744814	-6.355883934e-10
-46.99744814	-7.236544873e-10
-46.98744814	-8.236255343e-10
-46.97744814	-9.370681696e-10
-46.96744814	-1.065749179e-09
-46.95744814	-1.211660243e-09
-46.94744814	-1.377045622e-09
-46.93744814	-1.564433134e-09
-46.92744814	-1.776668781e-09
-46.91744814	-2.016955443e-09
-46.90744814	-2.28889611e-09
-46.89744814	-2.596542127e-09
-46.88744814	-2.94444705e-09
-46.87744814	-3.3377267e-09
-46.86744814	-3.782126112e-09
-46.85744814	-4.284094134e-09
-46.84744814	-4.850866506e-09
-46.83744814	-5.490558328e-09
-46.82744814	-6.212266946e-09
-46.81744814	-7.026186344e-09
-46.80744814	-7.943734298e-09
-46.79744814	-8.977693604e-09
-46.78744814	-1.014236889e-08
-46.77744814	-1.145376062e-08
-46.76744814	-1.292975808e-08
-46.75744814	-1.459035331e-08
-46.74744814	-1.645787812e-08
-46.73744814	-1.85572665e-08
-46.72744814	-2.091634515e-08
-46.71744814	-2.356615465e-08
-46.70744814	-2.654130473e-08
-46.69744814	-2.988036665e-08
-46.68744814	-3.362630651e-08
-46.67744814	-3.78269636e-08
-46.66744814	-4.253557786e-08
-46.65744814	-4.781137149e-08
-46.64744814	-5.372018968e-08
-46.63744814	-6.033520615e-08
-46.62744814	-6.773769959e-08
-46.61744814	-7.601790764e-08
-46.60744814	-8.52759655e-08
-46.59744814	-9.562293709e-08
-46.58744814	-1.07181947e-07
-46.57744814	-1.200894228e-07
-46.56744814	-1.344964564e-07
-46.55744814	-1.50570297e-07
-46.54744814	-1.684959852e-07
-46.53744814	-1.884781419e-07
-46.52744814	-2.107429244e-07
-46.51744814	-2.355401649e-07
-46.50744814	-2.631457066e-07
-46.49744814	-2.938639528e-07
-46.48744814	-3.280306488e-07
-46.47744814	-3.660159136e-07
-46.46744814	-4.082275427e-07
-46.45744814	-4.551146042e-07
-46.44744814	-5.071713499e-07
-46.43744814	-5.649414678e-07
-46.42744814	-6.290227005e-07
-46.41744814	-7.000718603e-07
-46.40744814	-7.788102667e-07
-46.39744814	-8.660296425e-07
-46.38744814	-9.62598498e-07
-46.37744814	-1.069469041e-06
-46.36744814	-1.187684648e-06
-46.35744814	-1.318387942e-06
-46.34744814	-1.462829505e-06
-46.33744814	-1.622377284e-06
-46.32744814	-1.798526731e-06
-46.31744814	-1.992911717e-06
-46.30744814	-2.20731628e-06
-46.29744814	-2.443687257e-06
-46.28744814	-2.70414785e-06
-46.27744814	-2.991012189e-06
-46.26744814	-3.306800939e-06
-46.25744814	-3.654258031e-06
-46.24744814	-4.036368555e-06
-46.23744814	-4.456377894e-06
-46.22744814	-4.917812167e-06
-46.21744814	-5.42450003e-06
-46.20744814	-5.980595922e-06
-46.19744814	-6.59060481e-06
-46.18744814	-7.259408511e-06
-46.17744814	-7.992293651e-06
-46.16744814	-8.794981337e-06
-46.15744814	-9.673658603e-06
-46.14744814	-1.06350117e-05
-46.13744814	-1.168626128e-05
-46.12744814	-1.283519958e-05
-46.11744814	-1.409022958e-05
-46.10744814	-1.546040629e-05
-46.09744814	-1.695548012e-05
-46.08744814	-1.858594242e-05
-46.07744814	-2.036307327e-05
-46.06744814	-2.229899143e-05
-46.05744814	-2.440670657e-05
-46.04744814	-2.670017376e-05
-46.03744814	-2.919435014e-05
-46.02744814	-3.190525391e-05
-46.01744814	-3.485002539e-05
-46.00744814	-3.804699031e-05
-45.99744814	-4.151572509e-05
-45.98744814	-4.527712413e-05
-45.97744814	-4.935346888e-05
-45.96744814	-5.376849869e-05
-45.95744814	-5.854748315e-05
-45.94744814	-6.371729577e-05
-45.93744814	-6.930648877e-05
-45.92744814	-7.534536868e-05
-45.91744814	-8.186607254e-05
-45.90744814	-8.890264422e-05
-45.89744814	-9.649111057e-05
-45.88744814	-0.000104669557
-45.87744814	-0.0001134782019
-45.86744814	-0.0001229594694
-45.85744814	-0.0001331580603
-45.84744814	-0.0001441210194
-45.83744814	-0.0001558978003
-45.82744814	-0.0001685403251
-45.81744814	-0.0001821030397
-45.80744814	-0.0001966429627
-45.79744814	-0.0002122197275
-45.78744814	-0.0002288956169
-45.77744814	-0.0002467355889
-45.76744814	-0.0002658072913
-45.75744814	-0.000286181067
-45.74744814	-0.000307929945
-45.73744814	-0.000331129619
-45.72744814	-0.0003558584099
-45.71744814	-0.0003821972124
-45.70744814	-0.0004102294233
-45.69744814	-0.00044004085
-45.68744814	-0.0004717195982
-45.67744814	-0.0005053559363
-45.66744814	-0.0005410421362
-45.65744814	-0.000578872287
-45.64744814	-0.0006189420815
-45.63744814	-0.0006613485733
-45.62744814	-0.000706189902
-45.61744814	-0.0007535649862
-45.60744814	-0.0008035731822
-45.59744814	-0.0008563139058
-45.58744814	-0.0009118862172
-45.57744814	-0.0009703883668
-45.56744814	-0.001031917301
-45.55744814	-0.001096568126
-45.54744814	-0.001164433528
-45.53744814	-0.001235603154
-45.52744814	-0.001310162945
-45.51744814	-0.001388194424
-45.50744814	-0.001469773943
-45.49744814	-0.001554971884
-45.48744814	-0.001643851814
-45.47744814	-0.001736469601
-45.46744814	-0.001832872481
-45.45744814	-0.001933098094
-45.44744814	-0.002037173473
-45.43744814	-0.002145114001
-45.42744814	-0.002256922335
-45.41744814	-0.002372587299
-45.40744814	-0.00249208275
-45.39744814	-0.002615366429
-45.38744814	-0.00274237879
-45.37744814	-0.002873041823
-45.36744814	-0.003007257872
-45.35744814	-0.003144908458
-45.34744814	-0.003285853112
-45.33744814	-0.003429928234
-45.32744814	-0.003576945972
-45.31744814	-0.003726693152
-45.30744814	-0.003878930247
-45.29744814	-0.004033390417
-45.28744814	-0.004189778616
-45.27744814	-0.004347770788
-45.26744814	-0.00450701316
-45.25744814	-0.004667121648
-45.24744814	-0.00482768139
-45.23744814	-0.00498824642
-45.22744814	-0.005148339493
-45.21744814	-0.005307452086
-45.20744814	-0.005465044582
-45.19744814	-0.00562054665
-45.18744814	-0.005773357847
-45.17744814	-0.00592284844
-45.16744814	-0.006068360482
-45.15744814	-0.006209209136
-45.14744814	-0.00634468427
-45.13744814	-0.006474052338
-45.12744814	-0.006596558548
-45.11744814	-0.006711429332
-45.10744814	-0.006817875127
-45.09744814	-0.00691509347
-45.08744814	-0.007002272411
-45.07744814	-0.007078594251
-45.06744814	-0.007143239597
-45.05744814	-0.007195391741
-45.04744814	-0.007234241342
-45.03744814	-0.007258991422
-45.02744814	-0.007268862649
-45.01744814	-0.007263098897
-45.00744814	-0.007240973062
-44.99744814	-0.007201793121
-44.98744814	-0.007144908392
-44.97744814	-0.007069715977
-44.96744814	-0.00697566735
-44.95744814	-0.006862275054
-44.94744814	-0.006729119456
-44.93744814	-0.006575855529
-44.92744814	-0.006402219595
-44.91744814	-0.006208035989
-44.90744814	-0.005993223577
-44.89744814	-0.005757802065
-44.88744814	-0.005501898051
-44.87744814	-0.005225750728
-44.86744814	-0.004929717198
-44.85744814	-0.004614277294
-44.84744814	-0.004280037864
-44.83744814	-0.003927736425
-44.82744814	-0.003558244128
-44.81744814	-0.003172567942
-44.80744814	-0.002771852002
-44.79744814	-0.002357378039
-44.78744814	-0.001930564823
-44.77744814	-0.001492966569
-44.76744814	-0.001046270225
-44.75744814	-0.0005922916015
-44.74744814	-0.0001329702894
-44.73744814	0.0003296366713
-44.72744814	0.0007933624103
-44.71744814	0.001255939152
-44.70744814	0.001715008461
-44.69744814	0.002168132807
-44.68744814	0.002612808448
-44.67744814	0.003046479591
-44.66744814	0.003466553813
-44.65744814	0.003870418674
-44.64744814	0.004255459464
-44.63744814	0.004619078001
-44.62744814	0.004958712378
-44.61744814	0.005271857552
-44.60744814	0.005556086628
-44.59744814	0.005809072724
-44.58744814	0.006028611216
-44.57744814	0.006212642215
-44.56744814	0.006359273077
-44.55744814	0.006466800738
-44.54744814	0.006533733658
-44.53744814	0.006558813155
-44.52744814	0.006541033878
-44.51744814	0.006479663196
-44.50744814	0.006374259233
-44.49744814	0.00622468731
-44.48744814	0.006031134547
-44.47744814	0.005794122358
-44.46744814	0.005514516619
-44.45744814	0.005193535249
-44.44744814	0.004832753003
-44.43744814	0.004434103254
-44.42744814	0.003999876579
-44.41744814	0.003532715978
-44.40744814	0.003035608587
-44.39744814	0.002511873765
-44.38744814	0.001965147473
-44.37744814	0.001399362897
-44.36744814	0.0008187273058
-44.35744814	0.000227695166
-44.34744814	-0.0003690624059
-44.33744814	-0.0009666917435
-44.32744814	-0.001560194117
-44.31744814	-0.002144466399
-44.30744814	-0.002714344647
-44.29744814	-0.003264650303
-44.28744814	-0.003790238652
-44.27744814	-0.004286049136
-44.26744814	-0.004747157094
-44.25744814	-0.005168826415
-44.24744814	-0.005546562613
-44.23744814	-0.005876165725
-44.22744814	-0.006153782474
-44.21744814	-0.00637595706
-44.20744814	-0.006539679954
-44.19744814	-0.006642434042
-44.18744814	-0.006682237473
-44.17744814	-0.006657682547
-44.16744814	-0.00656797003
-44.15744814	-0.00641293824
-44.14744814	-0.006193086356
-44.13744814	-0.00590959136
-44.12744814	-0.00556431813
-44.11744814	-0.00515982223
-44.10744814	-0.00469934501
-44.09744814	-0.004186800716
-44.08744814	-0.003626755375
-44.07744814	-0.00302439734
-44.06744814	-0.00238549943
-44.05744814	-0.00171637277
-44.04744814	-0.001023812475
-44.03744814	-0.0003150354956
-44.02744814	0.0004023889871
-44.01744814	0.001120616075
-44.00744814	0.001831607947
-43.99744814	0.002527222173
-43.98744814	0.003199304674
-43.97744814	0.003839786366
-43.96744814	0.004440782416
-43.95744814	0.004994692937
-43.94744814	0.005494303907
-43.93744814	0.005932886992
-43.92744814	0.006304296935
-43.91744814	0.006603065119
-43.90744814	0.006824487902
-43.89744814	0.006964708336
-43.88744814	0.007020789887
-43.87744814	0.006990780824
-43.86744814	0.00687376802
-43.85744814	0.006669918981
-43.84744814	0.006380511044
-43.83744814	0.006007946786
-43.82744814	0.005555754883
-43.81744814	0.005028575781
-43.80744814	0.004432131769
-43.79744814	0.003773181215
-43.78744814	0.003059456976
-43.77744814	0.002299589195
-43.76744814	0.001503012968
-43.75744814	0.0006798615689
-43.74744814	-0.0001591537906
-43.73744814	-0.001002876485
-43.72744814	-0.001839847834
-43.71744814	-0.002658459636
-43.70744814	-0.003447114
-43.69744814	-0.004194388401
-43.68744814	-0.004889203706
-43.67744814	-0.005520992795
-43.66744814	-0.006079867256
-43.65744814	-0.006556779567
-43.64744814	-0.00694367814
-43.63744814	-0.007233652579
-43.62744814	-0.007421066561
-43.61744814	-0.007501675803
-43.60744814	-0.007472728751
-43.59744814	-0.007333047729
-43.58744814	-0.007083088576
-43.57744814	-0.006724976994
-43.56744814	-0.006262520172
-43.55744814	-0.00570119256
-43.54744814	-0.005048095069
-43.53744814	-0.004311887345
-43.52744814	-0.003502693204
-43.51744814	-0.002631979778
-43.50744814	-0.001712411345
-43.49744814	-0.0007576793128
-43.48744814	0.0002176897432
-43.47744814	0.001198545616
-43.46744814	0.002169342799
-43.45744814	0.003114382409
-43.44744814	0.004018064173
-43.43744814	0.004865144583
-43.42744814	0.005640997098
-43.41744814	0.006331870063
-43.40744814	0.006925137838
-43.39744814	0.007409540636
-43.38744814	0.007775408507
-43.37744814	0.008014865054
-43.36744814	0.008122006619
-43.35744814	0.008093052946
-43.34744814	0.007926465676
-43.33744814	0.007623031452
-43.32744814	0.007185906921
-43.31744814	0.006620623503
-43.30744814	0.005935050419
-43.29744814	0.0051393152
-43.28744814	0.004245681613
-43.27744814	0.003268385732
-43.26744814	0.00222343168
-43.25744814	0.001128349364
-43.24744814	1.917333809e-06
-43.23744814	-0.001136145352
-43.22744814	-0.002265513618
-43.21744814	-0.003365611924
-43.20744814	-0.004415984986
-43.19744814	-0.005396677229
-43.18744814	-0.006288614159
-43.17744814	-0.00707397851
-43.16744814	-0.007736573862
-43.15744814	-0.008262168396
-43.14744814	-0.008638811519
-43.13744814	-0.008857116391
-43.12744814	-0.008910501733
-43.11744814	-0.00879538688
-43.10744814	-0.008511334695
-43.09744814	-0.008061137821
-43.08744814	-0.007450844656
-43.07744814	-0.00668972253
-43.06744814	-0.005790156696
-43.05744814	-0.004767485003
-43.04744814	-0.003639769372
-43.03744814	-0.002427506547
-43.02744814	-0.001153281903
-43.01744814	0.000158628633
-43.00744814	0.001482702188
-42.99744814	0.002792650612
-42.98744814	0.004061931638
-42.97744814	0.005264280039
-42.96744814	0.006374248556
-42.95744814	0.00736774773
-42.94744814	0.008222573447
-42.93744814	0.008918910808
-42.92744814	0.009439803022
-42.91744814	0.009771574363
-42.90744814	0.009904196747
-42.89744814	0.009831590366
-42.88744814	0.009551849801
-42.87744814	0.009067388372
-42.86744814	0.008384994934
-42.85744814	0.007515799022
-42.84744814	0.006475142073
-42.83744814	0.005282354424
-42.82744814	0.003960439795
-42.81744814	0.00253567109
-42.80744814	0.001037103413
-42.79744814	-0.0005039877605
-42.78744814	-0.002054733368
-42.77744814	-0.003581350804
-42.76744814	-0.005049863932
-42.75744814	-0.006426848372
-42.74744814	-0.007680186277
-42.73744814	-0.008779814029
-42.72744814	-0.009698445825
-42.71744814	-0.01041225605
-42.70744814	-0.01090150368
-42.69744814	-0.01115108254
-42.68744814	-0.01115098264
-42.67744814	-0.01089664883
-42.66744814	-0.01038922545
-42.65744814	-0.009635677379
-42.64744814	-0.008648780679
-42.63744814	-0.007446978762
-42.62744814	-0.006054102902
-42.61744814	-0.004498959162
-42.60744814	-0.002814786952
-42.59744814	-0.001038597658
-42.58744814	0.0007895950615
-42.57744814	0.002627638746
-42.56744814	0.004432182017
-42.55744814	0.006159671093
-42.54744814	0.007767381041
-42.53744814	0.009214458263
-42.52744814	0.01046294957
-42.51744814	0.01147879258
-42.50744814	0.0122327423
-42.49744814	0.01270120919
-42.48744814	0.01286698541
-42.47744814	0.01271983782
-42.46744814	0.0122569486
-42.45744814	0.01148318765
-42.44744814	0.01041120426
-42.43744814	0.009061329788
-42.42744814	0.007461287085
-42.41744814	0.005645707552
-42.40744814	0.003655461086
-42.39744814	0.001536809326
-42.38744814	-0.000659602693
-42.37744814	-0.002879896689
-42.36744814	-0.005068229031
-42.35744814	-0.007168148403
-42.34744814	-0.009124011967
-42.33744814	-0.01088242607
-42.32744814	-0.01239367566
-42.31744814	-0.01361310546
-42.30744814	-0.01450241592
-42.29744814	-0.01503083748
-42.28744814	-0.01517614889
-42.27744814	-0.01492550746
-42.26744814	-0.01427606332
-42.25744814	-0.01323533393
-42.24744814	-0.01182132053
-42.23744814	-0.01006235439
-42.22744814	-0.00799666688
-42.21744814	-0.005671685084
-42.20744814	-0.003143061121
-42.19744814	-0.000473451393
-42.18744814	0.002268931262
-42.17744814	0.005011962432
-42.16744814	0.007681411598
-42.15744814	0.01020286609
-42.14744814	0.0125037266
-42.13744814	0.01451522365
-42.12744814	0.01617440168
-42.11744814	0.01742601638
-42.10744814	0.0182242909
-42.09744814	0.01853447834
-42.08744814	0.01833418086
-42.07744814	0.01761438048
-42.06744814	0.01638014257
-42.05744814	0.01465096032
-42.04744814	0.01246071687
-42.03744814	0.009857251272
-42.02744814	0.006901524734
-42.01744814	0.003666394187
-42.00744814	0.0002350112805
-41.99744814	-0.00330112407
-41.98744814	-0.006844415887
-41.97744814	-0.01029368034
-41.96744814	-0.01354685118
-41.95744814	-0.01650381561
-41.94744814	-0.0190693078
-41.93744814	-0.02115578207
-41.92744814	-0.02268618561
-41.91744814	-0.02359654963
-41.90744814	-0.02383831956
-41.89744814	-0.02338034873
-41.88744814	-0.02221048603
-41.87744814	-0.02033669626
-41.86744814	-0.01778766226
-41.85744814	-0.01461282982
-41.84744814	-0.01088187042
-41.83744814	-0.006683551429
-41.82744814	-0.002124019581
-41.81744814	0.002675480151
-41.80744814	0.007581411667
-41.79744814	0.01245122609
-41.78744814	0.01713704127
-41.77744814	0.02148963843
-41.76744814	0.02536267957
-41.75744814	0.02861703918
-41.74744814	0.03112513613
-41.73744814	0.03277514682
-41.72744814	0.03347497901
-41.71744814	0.03315588717
-41.70744814	0.03177561509
-41.69744814	0.02932095966
-41.68744814	0.0258096613
-41.67744814	0.02129154078
-41.66744814	0.01584881967
-41.65744814	0.009595581122
-41.64744814	0.002676349602
-41.63744814	-0.004736209163
-41.62744814	-0.01244444245
-41.61744814	-0.0202296696
-41.60744814	-0.02785687271
-41.59744814	-0.03508002324
-41.58744814	-0.04164792809
-41.57744814	-0.04731046043
-41.56744814	-0.05182502508
-41.55744814	-0.05496309691
-41.54744814	-0.05651666248
-41.53744814	-0.0563043922
-41.52744814	-0.05417737145
-41.51744814	-0.05002422488
-41.50744814	-0.04377547914
-41.49744814	-0.03540702431
-41.48744814	-0.02494255406
-41.47744814	-0.012454888
-41.46744814	0.001933893472
-41.45744814	0.01805354189
-41.44744814	0.03568796961
-41.43744814	0.05457879056
-41.42744814	0.07443001585
-41.41744814	0.09491381463
-41.40744814	0.1156772198
-41.39744814	0.1363496303
-41.38744814	0.1565509357
-41.37744814	0.1759000694
-41.36744814	0.1940237795
-41.35744814	0.2105653961
-41.34744814	0.2251933692
-41.33744814	0.2376093528
-41.32744814	0.2475556176
-41.31744814	0.2548215894
-41.30744814	0.2592493283
-41.29744814	0.2617914129
-41.28744814	0.2592457513
-41.27744814	0.2547932678
-41.26744814	0.2474616706
-41.25744814	0.23739202
-41.24744814	0.2247820782
-41.23744814	0.209881852
-41.22744814	0.1929878111
-41.21744814	0.1744359232
-41.20744814	0.1545936808
-41.19744814	0.1338513237
-41.18744814	0.1126124862
-41.17744814	0.09128451402
-41.16744814	0.07026870992
-41.15744814	0.0499507667
-41.14744814	0.03069164656
-41.13744814	0.0128191521
-41.12744814	-0.00337958284
-41.11744814	-0.01766447989
-41.10744814	-0.02984760844
-41.09744814	-0.03979684822
-41.08744814	-0.04743802714
-41.07744814	-0.05275548311
-41.06744814	-0.05579104341
-41.05744814	-0.05664146137
-41.04744814	-0.05545439418
-41.03744814	-0.05242304837
-41.02744814	-0.04777965784
-41.01744814	-0.04178799332
-41.00744814	-0.03473512958
-40.99744814	-0.02692271826
-40.98744814	-0.018658027
-40.97744814	-0.01024501164
-40.96744814	-0.001975685192
-40.95744814	0.005877963238
-40.94744814	0.0130712653
-40.93744814	0.0193931773
-40.92744814	0.02467141502
-40.91744814	0.02877628093
-40.90744814	0.03162308731
-40.89744814	0.03317312385
-40.88744814	0.03343316446
-40.87744814	0.03245355458
-40.86744814	0.03032496498
-40.85744814	0.02717393985
-40.84744814	0.02315740454
-40.83744814	0.01845632993
-40.82744814	0.01326877585
-40.81744814	0.007802553468
-40.80744814	0.00226775628
-40.79744814	-0.003130589336
-40.78744814	-0.008199510274
-40.77744814	-0.01276448107
-40.76744814	-0.01667502085
-40.75744814	-0.0198093171
-40.74744814	-0.0220777356
-40.73744814	-0.02342511652
-40.72744814	-0.02383179913
-40.71744814	-0.0233133631
-40.70744814	-0.02191911867
-40.69744814	-0.01972942193
-40.68744814	-0.01685193142
-40.67744814	-0.01341695847
-40.66744814	-0.009572093946
-40.65744814	-0.005476317631
-40.64744814	-0.001293812368
-40.63744814	0.002812286884
-40.62744814	0.006685979538
-40.61744814	0.01018410057
-40.60744814	0.01318143237
-40.59744814	0.01557504726
-40.58744814	0.01728773123
-40.57744814	0.01827037506
-40.56744814	0.01850325884
-40.55744814	0.01799619797
-40.54744814	0.0167875617
-40.53744814	0.01494221754
-40.52744814	0.01254849494
-40.51744814	0.009714297621
-40.50744814	0.006562525059
-40.49744814	0.00322598833
-40.48744814	-0.0001579771276
-40.47744814	-0.003452989558
-40.46744814	-0.006528976106
-40.45744814	-0.009267198427
-40.44744814	-0.01156475662
-40.43744814	-0.01333840159
-40.42744814	-0.01452751451
-40.41744814	-0.01509614583
-40.40744814	-0.01503404455
-40.39744814	-0.01435664832
-40.38744814	-0.01310404688
-40.37744814	-0.01133897133
-40.36744814	-0.009143900591
-40.35744814	-0.006617410373
-40.34744814	-0.003869919536
-40.33744814	-0.001019011546
-40.32744814	0.001815475564
-40.31744814	0.004516389472
-40.30744814	0.006974033139
-40.29744814	0.009090571132
-40.28744814	0.01078389635
-40.27744814	0.01199080405
-40.26744814	0.01266934949
-40.25744814	0.01280029973
-40.24744814	0.01238762811
-40.23744814	0.01145803953
-40.22744814	0.01005955485
-40.21744814	0.008259221406
-40.20744814	0.006140052626
-40.19744814	0.003797330995
-40.18744814	0.001334434385
-40.17744814	-0.001141635208
-40.16744814	-0.003524830143
-40.15744814	-0.005714549016
-40.14744814	-0.007619852897
-40.13744814	-0.009163229563
-40.12744814	-0.01028374945
-40.11744814	-0.01093948372
-40.10744814	-0.01110908675
-40.09744814	-0.01079248174
-40.08744814	-0.01001062633
-40.07744814	-0.008804374961
-40.06744814	-0.0072324932
-40.05744814	-0.005368915405
-40.04744814	-0.003299369361
-40.03744814	-0.001117518215
-40.02744814	0.001079209764
-40.01744814	0.003193920264
-40.00744814	0.005134492773
-39.99744814	0.006817576447
-39.98744814	0.008172168726
-39.97744814	0.009142622375
-39.96744814	0.009690952311
-39.95744814	0.009798344829
-39.94744814	0.009465807341
-39.93744814	0.008713934876
-39.92744814	0.007581808721
-39.91744814	0.006125080948
-39.90744814	0.004413334524
-39.89744814	0.002526840587
-39.88744814	0.0005528609104
-39.87744814	-0.001418336598
-39.86744814	-0.003297569267
-39.85744814	-0.00500075358
-39.84744814	-0.006452661373
-39.83744814	-0.007590250259
-39.82744814	-0.008365419871
-39.81744814	-0.008747071972
-39.80744814	-0.008722384305
-39.79744814	-0.008297244021
-39.78744814	-0.007495824854
-39.77744814	-0.006359331245
-39.76744814	-0.004943970606
-39.75744814	-0.003318249978
-39.74744814	-0.001559724107
-39.73744814	0.0002486532417
-39.72744814	0.002022405003
-39.71744814	0.003679453801
-39.70744814	0.005143910673
-39.69744814	0.006349554641
-39.68744814	0.007242842924
-39.67744814	0.007785313748
-39.66744814	0.007955272237
-39.65744814	0.007748683498
-39.64744814	0.007179234167
-39.63744814	0.006277562648
-39.62744814	0.005089697217
-39.61744814	0.003674778253
-39.60744814	0.002102174404
-39.59744814	0.000448130809
-39.58744814	-0.001207890636
-39.57744814	-0.002787004701
-39.56744814	-0.004214649631
-39.55744814	-0.005424109532
-39.54744814	-0.006359645467
-39.53744814	-0.006979087291
-39.52744814	-0.007255764176
-39.51744814	-0.007179683569
-39.50744814	-0.006757904398
-39.49744814	-0.006014089083
-39.48744814	-0.004987258346
-39.47744814	-0.003729811144
-39.46744814	-0.00230490742
-39.45744814	-0.0007833419758
-39.44744814	0.0007599377322
-39.43744814	0.002249500004
-39.42744814	0.003613104792
-39.41744814	0.00478520818
-39.40744814	0.005710125067
-39.39744814	0.00634469652
-39.38744814	0.006660332618
-39.37744814	0.006644332275
-39.36744814	0.006300417091
-39.35744814	0.005648454918
-39.34744814	0.004723388714
-39.33744814	0.003573425427
-39.32744814	0.002257576114
-39.31744814	0.0008426705384
-39.30744814	-0.0006000045875
-39.29744814	-0.001998275944
-39.28744814	-0.003282684523
-39.27744814	-0.004389937678
-39.26744814	-0.005266040384
-39.25744814	-0.005868949898
-39.24744814	-0.006170621919
-39.23744814	-0.006158346902
-39.22744814	-0.00583531083
-39.21744814	-0.005220353783
-39.20744814	-0.004346940021
-39.19744814	-0.003261393055
-39.18744814	-0.002020486318
-39.17744814	-0.0006885125796
-39.16744814	0.0006660183341
-39.15744814	0.001973885133
-39.14744814	0.003168685297
-39.13744814	0.004190210033
-39.12744814	0.004987492014
-39.11744814	0.005521370665
-39.10744814	0.005766444471
-39.09744814	0.005712311213
-39.08744814	0.00536403357
-39.07744814	0.004741807343
-39.06744814	0.003879850638
-39.05744814	0.002824572475
-39.04744814	0.00163211653
-39.03744814	0.00036540805
-39.02744814	-0.0009091423024
-39.01744814	-0.002125106054
-39.00744814	-0.00321949547
-38.99744814	-0.004136032944
-38.98744814	-0.004828060996
-38.97744814	-0.005260941322
-38.96744814	-0.005413818084
-38.95744814	-0.005280653829
-38.94744814	-0.004870484602
-38.93744814	-0.004206881782
-38.92744814	-0.003326649908
-38.91744814	-0.002277830035
-38.90744814	-0.001117114801
-38.89744814	9.3187451e-05
-38.88744814	0.001288478271
-38.87744814	0.002405307754
-38.86744814	0.003384743497
-38.85744814	0.004175490768
-38.84744814	0.004736597926
-38.83744814	0.005039603191
-38.82744814	0.005070008619
-38.81744814	0.004828003052
-38.80744814	0.004328396021
-38.79744814	0.003599766853
-38.78744814	0.002682875415
-38.77744814	0.001628420684
-38.76744814	0.0004942684815
-38.75744814	-0.0006577015163
-38.74744814	-0.00176495877
-38.73744814	-0.002767712639
-38.72744814	-0.003612147067
-38.71744814	-0.004253323704
-38.70744814	-0.004657595857
-38.69744814	-0.004804402196
-38.68744814	-0.004687342839
-38.67744814	-0.004314479559
-38.66744814	-0.003707844207
-38.65744814	-0.002902182802
-38.64744814	-0.001943004633
-38.63744814	-0.0008840439643
-38.62744814	0.0002157257169
-38.61744814	0.001295360195
-38.60744814	0.002295315339
-38.59744814	0.003160733989
-38.58744814	0.003844467179
-38.57744814	0.004309662473
-38.56744814	0.004531776095
-38.55744814	0.00449989734
-38.54744814	0.00421731196
-38.53744814	0.003701273471
-38.52744814	0.002981995501
-38.51744814	0.002100921796
-38.50744814	0.00110837095
-38.49744814	6.068803456e-05
-38.48744814	-0.0009829369196
-38.47744814	-0.001963804764
-38.46744814	-0.002827009717
-38.45744814	-0.003524522505
-38.44744814	-0.004017880329
-38.43744814	-0.004280331868
-38.42744814	-0.004298316169
-38.41744814	-0.004072191869
-38.40744814	-0.003616175585
-38.39744814	-0.002957493199
-38.38744814	-0.002134792488
-38.37744814	-0.001195907662
-38.36744814	-0.0001951034309
-38.35744814	0.0008100439425
-38.34744814	0.001761950196
-38.33744814	0.002606322064
-38.32744814	0.003295262584
-38.31744814	0.003790004484
-38.30744814	0.004063114571
-38.29744814	0.004100042328
-38.28744814	0.00389992352
-38.27744814	0.003475592529
-38.26744814	0.002852802795
-38.25744814	0.002068700521
-38.24744814	0.001169640178
-38.23744814	0.0002084685841
-38.22744814	-0.0007585646066
-38.21744814	-0.001675090253
-38.20744814	-0.002487905638
-38.19744814	-0.003150071268
-38.18744814	-0.003623637699
-38.17744814	-0.003881842906
-38.16744814	-0.003910651514
-38.15744814	-0.003709545624
-38.14744814	-0.003291520785
-38.13744814	-0.002682287315
-38.12744814	-0.001918723946
-38.11744814	-0.001046674913
-38.10744814	-0.0001182204419
-38.09744814	0.0008114180809
-38.08744814	0.001687155172
-38.07744814	0.002457306386
-38.06744814	0.00307664782
-38.05744814	0.003509088214
-38.04744814	0.003729794676
-38.03744814	0.003726645341
-38.02744814	0.003500922268
-38.01744814	0.003067203058
-38.00744814	0.002452457574
-37.99744814	0.001694403679
-37.98744814	0.0008392204127
-37.97744814	-6.124425957e-05
-37.96744814	-0.0009526034595
-37.95744814	-0.001781210907
-37.94744814	-0.002497392408
-37.93744814	-0.003058434382
-37.92744814	-0.003431148908
-37.91744814	-0.003593860047
-37.90744814	-0.003537691075
-37.89744814	-0.003267074376
-37.88744814	-0.002799452879
-37.87744814	-0.00216419093
-37.86744814	-0.001400760679
-37.85744814	-0.0005563142584
-37.84744814	0.0003172103381
-37.83744814	0.001166273033
-37.82744814	0.001939010512
-37.81744814	0.002588409404
-37.80744814	0.003075179232
-37.79744814	0.0033701487
-37.78744814	0.00345603789
-37.77744814	0.003328497102
-37.76744814	0.002996348086
-37.75744814	0.002481012504
-37.74744814	0.001815162601
-37.73744814	0.001040677254
-37.72744814	0.0002060296432
-37.71744814	-0.0006367317253
-37.70744814	-0.001435221473
-37.69744814	-0.002139974134
-37.68744814	-0.002707516675
-37.67744814	-0.003103065312
-37.66744814	-0.003302678269
-37.65744814	-0.003294729865
-37.64744814	-0.003080613456
-37.63744814	-0.002674628928
-37.62744814	-0.002103061402
-37.61744814	-0.001402508603
-37.60744814	-0.0006175615965
-37.59744814	0.000202015549
-37.58744814	0.001004429838
-37.57744814	0.00173912912
-37.56744814	0.002359991256
-37.55744814	0.002828231121
-37.54744814	0.003114841412
-37.53744814	0.003202412409
-37.52744814	0.003086215002
-37.51744814	0.002774477838
-37.50744814	0.002287840558
-37.49744814	0.001658017476
-37.48744814	0.0009257564477
-37.47744814	0.0001382227218
-37.46744814	-0.0006540254461
-37.45744814	-0.001400276277
-37.44744814	-0.002052911801
-37.43744814	-0.002570454941
-37.42744814	-0.002920220727
-37.41744814	-0.003080401109
-37.40744814	-0.003041448987
-37.39744814	-0.002806671932
-37.38744814	-0.002391996864
-37.37744814	-0.001824920404
-37.36744814	-0.00114271222
-37.35744814	-0.0003899871375
-37.34744814	0.0003841971289
-37.33744814	0.001129528769
-37.32744814	0.001797710379
-37.31744814	0.002345594842
-37.30744814	0.002737984497
-37.29744814	0.002949911071
-37.28744814	0.002968247394
-37.27744814	0.002792545263
-37.26744814	0.002435044199
-37.25744814	0.001919850001
-37.24744814	0.001281336352
-37.23744814	0.0005618738038
-37.22744814	-0.0001909652207
-37.21744814	-0.000927542051
-37.20744814	-0.001599421926
-37.19744814	-0.002162563361
-37.18744814	-0.002580216347
-37.17744814	-0.002825337837
-37.16744814	-0.002882364553
-37.15744814	-0.002748225353
-37.14744814	-0.002432525585
-37.13744814	-0.001956890634
-37.12744814	-0.001353511633
-37.11744814	-0.0006629894749
-37.10744814	6.837994968e-05
-37.09744814	0.0007916988159
-37.08744814	0.001458732756
-37.07744814	0.00202513069
-37.06744814	0.002453383882
-37.05744814	0.002715326031
-37.04744814	0.002794006623
-37.03744814	0.002684811456
-37.02744814	0.002395754568
-37.01744814	0.001946921342
-37.00744814	0.001369099619
-36.99744814	0.0007016904174
-36.98744814	-9.961417314e-06
-36.97744814	-0.0007176368983
-36.96744814	-0.001373505789
-36.95744814	-0.001933362137
-36.94744814	-0.002359613327
-36.93744814	-0.002623819822
-36.92744814	-0.002708612896
-36.91744814	-0.002608859595
-36.90744814	-0.002331995095
-36.89744814	-0.001897499195
-36.88744814	-0.001335551962
-36.87744814	-0.0006849595943
-36.86744814	9.508373743e-06
-36.85744814	0.0007001889271
-36.84744814	0.001339792661
-36.83744814	0.00188464439
-36.82744814	0.002297674944
-36.81744814	0.002550958513
-36.80744814	0.002627620725
-36.79744814	0.002522985659
-36.78744814	0.002244882135
-36.77744814	0.001813087494
-36.76744814	0.001257946547
-36.75744814	0.0006182604831
-36.74744814	-6.140883422e-05
-36.73744814	-0.0007338329401
-36.72744814	-0.001352395047
-36.71744814	-0.00187432515
-36.70744814	-0.002263667158
-36.69744814	-0.002493771473
-36.68744814	-0.002549139074
-36.67744814	-0.002426488036
-36.66744814	-0.002134967428
-36.65744814	-0.001695502925
-36.64744814	-0.001139319148
-36.63744814	-0.0005057414517
-36.62744814	0.0001605694514
-36.61744814	0.0008127565694
-36.60744814	0.001405059359
-36.59744814	0.001896028823
-36.58744814	0.002251438737
-36.57744814	0.00244668771
-36.56744814	0.002468522318
-36.55744814	0.002315959109
-36.54744814	0.002000339663
-36.53744814	0.001544514038
-36.52744814	0.0009812096657
-36.51744814	0.0003507005286
-36.50744814	-0.0003020586393
-36.49744814	-0.0009306301366
-36.48744814	-0.001490396062
-36.47744814	-0.001941731172
-36.46744814	-0.002252819738
-36.45744814	-0.00240191526
-36.44744814	-0.002378881278
-36.43744814	-0.002185902555
-36.42744814	-0.001837315046
-36.41744814	-0.001358566009
-36.40744814	-0.0007843780194
-36.39744814	-0.000156247828
-36.38744814	0.0004805409303
-36.37744814	0.00108017693
-36.36744814	0.001599618009
-36.35744814	0.002001688292
-36.34744814	0.002257752134
-36.33744814	0.002349771534
-36.32744814	0.002271597857
-36.31744814	0.002029403746
-36.30744814	0.001641223185
-36.29744814	0.001135632212
-36.28744814	0.0005496651578
-36.27744814	-7.388301209e-05
-36.26744814	-0.0006895728127
-36.25744814	-0.001252628528
-36.24744814	-0.001722197983
-36.23744814	-0.002064326174
-36.22744814	-0.002254425559
-36.21744814	-0.002279062136
-36.20744814	-0.002136926125
-36.19744814	-0.001838915453
-36.18744814	-0.0014073251
-36.17744814	-0.0008742008957
-36.16744814	-0.0002789777923
-36.15744814	0.0003344245954
-36.14744814	0.0009208361184
-36.13744814	0.001437162184
-36.12744814	0.001845556852
-36.11744814	0.002116208806
-36.10744814	0.002229534176
-36.09744814	0.002177613635
-36.08744814	0.001964766771
-36.07744814	0.001607220372
-36.06744814	0.001131894357
-36.05744814	0.0005743945469
-36.04744814	-2.363945263e-05
-36.03744814	-0.0006176347934
-36.02744814	-0.001163404132
-36.01744814	-0.00162043569
-36.00744814	-0.001954909394
-35.99744814	-0.002142213815
-35.98744814	-0.00216877549
-35.97744814	-0.002033063221
-35.96744814	-0.00174569142
-35.95744814	-0.00132861388
-35.94744814	-0.0008134675315
-35.93744814	-0.0002391896205
-35.92744814	0.0003509134574
-35.91744814	0.0009124258466
-35.90744814	0.001403165508
-35.89744814	0.001786359366
-35.88744814	0.002033410795
-35.87744814	0.002126050243
-35.86744814	0.002057705925
-35.85744814	0.001833990232
-35.84744814	0.001472264152
-35.83744814	0.001000311808
-35.82744814	0.0004542247111
-35.81744814	-0.0001243445026
-35.80744814	-0.0006913508743
-35.79744814	-0.001203707987
-35.78744814	-0.001622566076
-35.77744814	-0.001916267644
-35.76744814	-0.002062754911
-35.75744814	-0.00205124488
-35.74744814	-0.001883043313
-35.73744814	-0.001571434574
-35.72744814	-0.001140654812
-35.71744814	-0.0006240262436
-35.70744814	-6.139472319e-05
-35.69744814	0.0005039334817
-35.68744814	0.001028520926
-35.67744814	0.001472138578
-35.66744814	0.001800858802
-35.65744814	0.001989663287
-35.64744814	0.002024364391
-35.63744814	0.001902690969
-35.62744814	0.001634454003
-35.61744814	0.001240778284
-35.60744814	0.000752458681
-35.59744814	0.0002075673795
-35.58744814	-0.0003515031809
-35.57744814	-0.0008813328384
-35.56744814	-0.001340846378
-35.55744814	-0.00169450429
-35.54744814	-0.00191506322
-35.53744814	-0.00198569074
-35.52744814	-0.001901268985
-35.51744814	-0.001668784643
-35.50744814	-0.001306773927
-35.49744814	-0.0008438649442
-35.48744814	-0.0003165305591
-35.47744814	0.0002337731365
-35.46744814	0.0007638591598
-35.45744814	0.001232198108
-35.44744814	0.001602176929
-35.43744814	0.001844971832
-35.42744814	0.001941809034
-35.41744814	0.001885434795
-35.40744814	0.001680678124
-35.39744814	0.001344060867
-35.38744814	0.0009024849892
-35.37744814	0.0003910997793
-35.36744814	-0.0001494832373
-35.35744814	-0.0006764079783
-35.34744814	-0.001147969687
-35.33744814	-0.001526920029
-35.32744814	-0.001783419088
-35.31744814	-0.00189739951
-35.30744814	-0.001860154292
-35.29744814	-0.001675021121
-35.28744814	-0.001357107864
-35.27744814	-0.0009320800835
-35.26744814	-0.0004341063451
-35.25744814	9.687555846e-05
-35.24744814	0.0006183537308
-35.23744814	0.001088643628
-35.22744814	0.001470223826
-35.21744814	0.001732738826
-35.20744814	0.001855427812
-35.19744814	0.001828783871
-35.18744814	0.001655309645
-35.17744814	0.001349307732
-35.16744814	0.0009357217064
-35.15744814	0.0004481201134
-35.14744814	-7.40149806e-05
-35.13744814	-0.0005884768877
-35.12744814	-0.0010537437
-35.11744814	-0.001432332942
-35.10744814	-0.001693830127
-35.09744814	-0.001817345765
-35.08744814	-0.001793201175
-35.07744814	-0.001623705651
-35.06744814	-0.001322960959
-35.05744814	-0.0009157080457
-35.04744814	-0.0004353087215
-35.03744814	7.897438115e-05
-35.02744814	0.0005851788222
-35.01744814	0.001042063973
-35.00744814	0.001412474394
-34.99744814	0.001666370349
-34.98744814	0.001783277519
-34.97744814	0.001753954999
-34.96744814	0.001581144258
-34.95744814	0.001279336771
-34.94744814	0.0008735783573
-34.93744814	0.0003974073156
-34.92744814	-0.0001099052077
-34.91744814	-0.0006065865558
-34.90744814	-0.001051800293
-34.89744814	-0.001409007543
-34.88744814	-0.001648974901
-34.87744814	-0.001752180522
-34.86744814	-0.001710419191
-34.85744814	-0.001527472952
-34.84744814	-0.001218790906
-34.83744814	-0.0008102036329
-34.82744814	-0.000335777689
-34.81744814	0.0001650128931
-34.80744814	0.0006505642168
-34.79744814	0.001080597621
-34.78744814	0.0014195054
-34.77744814	0.001639308831
-34.76744814	0.001721981948
-34.75744814	0.001660946859
-34.74744814	0.001461615103
-34.73744814	0.001140928896
-34.72744814	0.0007259395347
-34.71744814	0.0002515407365
-34.70744814	-0.0002424543763
-34.69744814	-0.0007146486945
-34.68744814	-0.001125529956
-34.67744814	-0.001440782326
-34.66744814	-0.001634162693
-34.65744814	-0.001689699709
-34.64744814	-0.001603030039
-34.63744814	-0.001381758555
-34.62744814	-0.001044811114
-34.61744814	-0.0006208334283
-34.60744814	-0.0001457700135
-34.59744814	0.0003401733151
-34.58744814	0.0007959275304
-34.57744814	0.001183032217
-34.56744814	0.001468887532
-34.55744814	0.001629510772
-34.54744814	0.001651563474
-34.53744814	0.001533476407
-34.52744814	0.001285576057
-34.51744814	0.0009292008105
-34.50744814	0.000494880928
-34.49744814	1.973614677e-05
-34.48744814	-0.000455688332
-34.47744814	-0.0008908784747
-34.46744814	-0.001248806215
-34.45744814	-0.001499087585
-34.44744814	-0.001620574148
-34.43744814	-0.001603155622
-34.42744814	-0.001448618703
-34.41744814	-0.001170487542
-34.40744814	-0.0007928585297
-34.39744814	-0.0003483282253
-34.38744814	0.0001248086674
-34.37744814	0.0005858514017
-34.36744814	0.0009951929049
-34.35744814	0.001317726283
-34.34744814	0.00152586476
-34.33744814	0.001601914459
-34.32744814	0.001539594781
-34.31744814	0.001344574281
-34.30744814	0.001033974768
-34.29744814	0.0006348853961
-34.28744814	0.0001820142599
-34.27744814	-0.0002853201206
-34.26744814	-0.0007265974845
-34.25744814	-0.00110360957
-34.24744814	-0.001383774147
-34.23744814	-0.001542961375
-34.22744814	-0.001567586362
-34.21744814	-0.00145578518
-34.20744814	-0.001217571037
-34.19744814	-0.0008739559538
-34.18744814	-0.0004551134158
-34.17744814	2.258671997e-06
-34.16744814	0.0004581453494
-34.15744814	0.0008727126243
-34.14744814	0.001209790588
-34.13744814	0.001440036806
-34.12744814	0.001543502616
-34.11744814	0.001511376806
-34.10744814	0.00134675287
-34.09744814	0.001064351497
-34.08744814	0.0006892215952
-34.07744814	0.0002545329767
-34.06744814	-0.0002013460147
-34.05744814	-0.0006382293795
-34.04744814	-0.001017655405
-34.03744814	-0.001306277506
-34.02744814	-0.001478804579
-34.01744814	-0.001520230711
-34.00744814	-0.00142715646
-33.99744814	-0.001208083886
-33.98744814	-0.0008826581795
-33.97744814	-0.0004799219658
-33.96744814	-3.573603454e-05
-33.95744814	0.000410405531
-33.94744814	0.0008188836836
-33.93744814	0.001153474806
-33.92744814	0.001384570149
-33.91744814	0.001491807522
-33.90744814	0.001465880264
-33.89744814	0.00130936144
-33.88744814	0.001036468739
-33.87744814	0.0006717899704
-33.86744814	0.0002480819381
-33.85744814	-0.0001966615177
-33.84744814	-0.0006226107689
-33.83744814	-0.000991666943
-33.82744814	-0.001270874408
-33.81744814	-0.001435373091
-33.80744814	-0.00147062528
-33.79744814	-0.001373716209
-33.78744814	-0.001153610634
-33.77744814	-0.000830341235
-33.76744814	-0.0004332008086
-33.75744814	1.899981207e-06
-33.74744814	0.000435672016
-33.73744814	0.0008289927546
-33.72744814	0.001146437237
-33.71744814	0.001359476122
-33.70744814	0.001449051349
-33.69744814	0.001407295817
-33.68744814	0.001238240526
-33.67744814	0.0009574441001
-33.66744814	0.0005905771773
-33.65744814	0.000171089017
-33.64744814	-0.0002628327595
-33.63744814	-0.0006717338018
-33.62744814	-0.001018480836
-33.61744814	-0.001271639322
-33.60744814	-0.001408333195
-33.59744814	-0.001416325611
-33.58744814	-0.001295130135
-33.57744814	-0.00105605003
-33.56744814	-0.0007211409325
-33.55744814	-0.0003211906404
-33.54744814	0.0001071002494
-33.53744814	0.0005244796433
-33.52744814	0.0008927399077
-33.51744814	0.001178219155
-33.50744814	0.001354886643
-33.49744814	0.001406728684
-33.48744814	0.001329215224
-33.47744814	0.001129711348
-33.46744814	0.0008267948128
-33.45744814	0.0004485413002
-33.44744814	2.993430363e-05
-33.43744814	-0.0003903624926
-33.42744814	-0.0007735732604
-33.41744814	-0.001084389483
-33.40744814	-0.001294230177
-33.39744814	-0.001383881186
-33.38744814	-0.00134526876
-33.37744814	-0.001182202375
-33.36744814	-0.0009100169194
-33.35744814	-0.0005541463347
-33.34744814	-0.0001477599327
-33.33744814	0.0002713201066
-33.32744814	0.0006641344165
-33.31744814	0.0009942088981
-33.30744814	0.001230947047
-33.29744814	0.001352476101
-33.28744814	0.001347681303
-33.27744814	0.001217237802
-33.26744814	0.0009735429273
-33.25744814	0.0006395540414
-33.24744814	0.0002466394563
-33.23744814	-0.0001683576553
-33.22744814	-0.0005665684496
-33.21744814	-0.000910738293
-33.20744814	-0.001168716509
-33.19744814	-0.001316468661
-33.18744814	-0.001340328288
-33.17744814	-0.001238275916
-33.16744814	-0.001020124224
-33.15744814	-0.0007065908489
-33.14744814	-0.0003273449598
-33.13744814	8.178951844e-05
-33.12744814	0.0004822113848
-33.11744814	0.0008361825026
-33.10744814	0.001110387825
-33.09744814	0.00127907893
-33.08744814	0.001326503671
-33.07744814	0.001248391539
-33.06744814	0.001052353272
-33.05744814	0.0007571558061
-33.04744814	0.0003909401306
-33.03744814	-1.145004856e-05
-33.02744814	-0.0004117763149
-33.01744814	-0.0007720368172
-33.00744814	-0.001058076186
-32.99744814	-0.001242830914
-32.98744814	-0.001308901119
-32.97744814	-0.001250203231
-32.96744814	-0.001072545241
-32.95744814	-0.0007930686461
-32.94744814	-0.0004386091688
-32.93744814	-4.313167284e-05
-32.92744814	0.0003555166518
-32.91744814	0.0007192251721
-32.90744814	0.001013265009
-32.89744814	0.001209611696
-32.88744814	0.001289626751
-32.87744814	0.001245840546
-32.86744814	0.00108266459
-32.85744814	0.0008159638202
-32.84744814	0.000471528858
-32.83744814	8.259395573e-05
-32.82744814	-0.0003133616242
-32.81744814	-0.000678221705
-32.80744814	-0.0009769037398
-32.79744814	-0.001180738185
-32.78744814	-0.001270230571
-32.77744814	-0.001236939172
-32.76744814	-0.001084286111
-32.75744814	-0.0008272224922
-32.74744814	-0.0004907788139
-32.73744814	-0.000107639816
-32.72744814	0.0002850224274
-32.71744814	0.0006491511005
-32.70744814	0.0009494941234
-32.69744814	0.001157022716
-32.68744814	0.001251746952
-32.67744814	0.001224654247
-32.66744814	0.001078581498
-32.65744814	0.0008279350326
-32.64744814	0.0004972844821
-32.63744814	0.0001189664353
-32.62744814	-0.0002700695649
-32.61744814	-0.0006318658506
-32.60744814	-0.0009311609575
-32.59744814	-0.00113883184
-32.58744814	-0.001234737384
-32.57744814	-0.001209684606
-32.56744814	-0.00106632434
-32.55744814	-0.0008188876582
-32.54744814	-0.0004917877481
-32.53744814	-0.0001172231955
-32.52744814	0.0002679831878
-32.51744814	0.0006260004309
-32.50744814	0.0009217056287
-32.49744814	0.001126135165
-32.48744814	0.001219331249
-32.47744814	0.001192303042
-32.46744814	0.001047908389
-32.45744814	0.0008005682318
-32.44744814	0.0004748407388
-32.43744814	0.0001029947431
-32.42744814	-0.0002781788855
-32.41744814	-0.0006310036375
-32.40744814	-0.000920642459
-32.39744814	-0.001118543122
-32.38744814	-0.001205262545
-32.37744814	-0.001172389713
-32.36744814	-0.001023375731
-32.35744814	-0.0007731876521
-32.34744814	-0.0004468192953
-32.33744814	-7.680585914e-05
-32.32744814	0.000300011648
-32.31744814	0.0006461511462
-32.30744814	0.0009272191604
-32.29744814	0.00111533416
-32.28744814	0.001191902216
-32.27744814	0.001149467644
-32.26744814	0.0009924531586
-32.25744814	0.0007367145895
-32.24744814	0.0004079535076
-32.23744814	3.914533328e-05
-32.22744814	-0.0003327608088
-32.21744814	-0.0006705409252
-32.20744814	-0.0009404236781
-32.19744814	-0.001115473134
-32.18744814	-0.001178287252
-32.17744814	-0.001122740734
-32.16744814	-0.0009545963788
-32.15744814	-0.0006909224469
-32.14744814	-0.0003583734808
-32.13744814	9.493586509e-06
-32.12744814	0.0003755988341
-32.11744814	0.0007030746001
-32.10744814	0.0009589805167
-32.09744814	0.001117623723
-32.08744814	0.001163148889
-32.07744814	0.001091135891
-32.06744814	0.0009090427944
-32.05744814	0.0006354482849
-32.04744814	0.0002981690525
-32.03744814	-6.855839946e-05
-32.02744814	-0.0004275469839
-32.01744814	-0.0007424283525
-32.00744814	-0.0009813403866
-31.99744814	-0.001120158637
-31.98744814	-0.001144943216
-31.97744814	-0.00105335183
-31.96744814	-0.0008548743539
-31.95744814	-0.000569863979
-31.94744814	-0.0002274624298
-31.93744814	0.0001373704982
-31.92744814	0.0004874212087
-31.91744814	0.0007870175077
-31.90744814	0.001005667733
-31.89744814	0.001121172147
-31.88744814	0.00112188825
-31.87744814	0.001007917694
-31.86744814	0.0007910923739
-31.85744814	0.0004937600306
-31.84744814	0.0001464925908
-31.83744814	-0.000215048918
-31.82744814	-0.0005537722269
-31.81744814	-0.0008349596687
-31.80744814	-0.001029831453
-31.79744814	-0.001118500132
-31.78744814	-0.001092012044
-31.77744814	-0.0009532649251
-31.76744814	-0.0007167062403
-31.75744814	-0.000406842168
-31.74744814	-5.570975832e-05
-31.73744814	0.0003004280816
-31.72744814	0.0006248245596
-31.71744814	0.0008840420917
-31.70744814	0.001051404809
-31.69744814	0.001109753376
-31.68744814	0.00105321661
-31.67744814	0.0008878157073
-31.66744814	0.000630837438
-31.65744814	0.0003090401218
-31.64744814	-4.412272634e-05
-31.63744814	-0.0003919740241
-31.62744814	-0.0006984203757
-31.61744814	-0.0009316999086
-31.60744814	-0.001067681223
-31.59744814	-0.001092370072
-31.58744814	-0.001003362274
-31.57744814	-0.0008100906829
-31.56744814	-0.0005328393732
-31.55744814	-0.0002006266759
-31.54744814	0.0001518232282
-31.53744814	0.0004877049983
-31.52744814	0.0007719752314
-31.51744814	0.0009750127043
-31.50744814	0.00107571301
-31.49744814	0.00106369342
-31.48744814	0.0009403764249
-31.47744814	0.0007188374949
-31.46744814	0.0004224318765
-31.45744814	8.234329488e-05
-31.44744814	-0.0002656892846
-31.43744814	-0.0005851240249
-31.42744814	-0.0008424540717
-31.41744814	-0.001010727685
-31.40744814	-0.001072380239
-31.39744814	-0.001021079537
-31.38744814	-0.0008623892931
-31.37744814	-0.000613179847
-31.36744814	-0.0002998470835
-31.35744814	4.447368762e-05
-31.34744814	0.0003834058202
-31.33744814	0.0006811727129
-31.32744814	0.0009063769968
-31.31744814	0.00103531802
-31.30744814	0.001054496355
