-0.9999972451
-0.9999854844
-0.9999643262
-0.9999337659
-0.9998938032
-0.9998444385
-0.999785672
-0.9997175044
-0.9996399363
-0.9995529683
-0.9994566014
-0.9993508364
-0.9992356743
-0.9991111162
-0.9989771632
-0.9988338167
-0.998681078
-0.9985189484
-0.9983474296
-0.9981665231
-0.9979762307
-0.9977765541
-0.9975674953
-0.9973490561
-0.9971212386
-0.996884045
-0.9966374775
-0.9963815385
-0.9961162302
-0.9958415553
-0.9955575163
-0.9952641159
-0.9949613568
-0.9946492419
-0.9943277741
-0.9939969564
-0.993656792
-0.9933072841
-0.9929484359
-0.9925802508
-0.9922027323
-0.9918158839
-0.9914197092
-0.9910142121
-0.9905993962
-0.9901752656
-0.9897418241
-0.9892990759
-0.9888470251
-0.988385676
-0.987915033
-0.9874351003
-0.9869458826
-0.9864473845
-0.9859396106
-0.9854225657
-0.9848962548
-0.9843606826
-0.9838158543
-0.983261775
-0.9826984499
-0.9821258842
-0.9815440835
-0.9809530531
-0.9803527986
-0.9797433257
-0.97912464
-0.9784967475
-0.9778596539
-0.9772133653
-0.9765578879
-0.9758932276
-0.9752193908
-0.9745363839
-0.9738442132
-0.9731428852
-0.9724324066
-0.971712784
-0.9709840243
-0.9702461341
-0.9694991206
-0.9687429906
-0.9679777514
-0.9672034101
-0.966419974
-0.9656274505
-0.9648258469
-0.964015171
-0.9631954302
-0.9623666323
-0.961528785
-0.9606818963
-0.9598259742
-0.9589610266
-0.9580870617
-0.9572040877
-0.956312113
-0.9554111459
-0.9545011948
-0.9535822684
-0.9526543752
-0.9517175241
-0.9507717238
-0.9498169832
-0.9488533113
-0.9478807171
-0.9468992098
-0.9459087986
-0.9449094929
-0.943901302
-0.9428842354
-0.9418583027
-0.9408235135
-0.9397798776
-0.9387274047
-0.9376661048
-0.9365959878
-0.9355170638
-0.934429343
-0.9333328356
-0.9322275518
-0.9311135022
-0.9299906971
-0.9288591471
-0.9277188628
-0.9265698551
-0.9254121346
-0.9242457123
-0.9230705991
-0.9218868061
-0.9206943444
-0.9194932253
-0.91828346
-0.9170650599
-0.9158380364
-0.9146024012
-0.9133581657
-0.9121053418
-0.9108439412
-0.9095739757
-0.9082954573
-0.907008398
-0.90571281
-0.9044087054
-0.9030960964
-0.9017749954
-0.9004454149
-0.8991073673
-0.8977608653
-0.8964059214
-0.8950425484
-0.8936707592
-0.8922905666
-0.8909019836
-0.8895050233
-0.8880996988
-0.8866860233
-0.8852640102
-0.8838336727
-0.8823950244
-0.8809480788
-0.8794928494
-0.87802935
-0.8765575942
-0.8750775961
-0.8735893694
-0.8720929282
-0.8705882865
-0.8690754586
-0.8675544585
-0.8660253006
-0.8644879994
-0.8629425692
-0.8613890246
-0.8598273801
-0.8582576506
-0.8566798506
-0.8550939952
-0.8535000991
-0.8518981774
-0.8502882452
-0.8486703175
-0.8470444096
-0.8454105367
-0.8437687144
-0.8421189578
-0.8404612827
-0.8387957046
-0.8371222391
-0.835440902
-0.833751709
-0.8320546761
-0.8303498193
-0.8286371545
-0.8269166979
-0.8251884656
-0.8234524739
-0.8217087391
-0.8199572777
-0.818198106
-0.8164312406
-0.8146566982
-0.8128744954
-0.811084649
-0.8092871758
-0.8074820927
-0.8056694167
-0.8038491648
-0.8020213542
-0.800186002
-0.7983431255
-0.796492742
-0.794634869
-0.7927695238
-0.7908967241
-0.7890164874
-0.7871288315
-0.785233774
-0.7833313328
-0.7814215258
-0.779504371
-0.7775798863
-0.7756480898
-0.7737089998
-0.7717626345
-0.7698090121
-0.7678481511
-0.7658800698
-0.7639047868
-0.7619223207
-0.75993269
-0.7579359136
-0.7559320101
-0.7539209985
-0.7519028976
-0.7498777264
-0.747845504
-0.7458062494
-0.7437599819
-0.7417067206
-0.739646485
-0.7375792943
-0.7355051679
-0.7334241255
-0.7313361866
-0.7292413707
-0.7271396977
-0.7250311872
-0.7229158591
-0.7207937333
-0.7186648298
-0.7165291685
-0.7143867695
-0.712237653
-0.7100818392
-0.7079193483
-0.7057502008
-0.7035744169
-0.7013920172
-0.6992030222
-0.6970074524
-0.6948053285
-0.6925966713
-0.6903815014
-0.6881598397
-0.6859317071
-0.6836971246
-0.6814561131
-0.6792086938
-0.6769548877
-0.6746947161
-0.6724282002
-0.6701553613
-0.6678762209
-0.6655908002
-0.6632991209
-0.6610012045
-0.6586970725
-0.6563867467
-0.6540702487
-0.6517476004
-0.6494188235
-0.6470839401
-0.644742972
-0.6423959413
-0.6400428699
-0.6376837802
-0.6353186942
-0.6329476341
-0.6305706223
-0.6281876811
-0.625798833
-0.6234041004
-0.6210035057
-0.6185970717
-0.6161848208
-0.6137667759
-0.6113429596
-0.6089133947
-0.606478104
-0.6040371106
-0.6015904372
-0.599138107
-0.596680143
-0.5942165683
-0.591747406
-0.5892726794
-0.5867924118
-0.5843066265
-0.5818153468
-0.5793185961
-0.5768163981
-0.5743087761
-0.5717957538
-0.5692773547
-0.5667536027
-0.5642245213
-0.5616901345
-0.5591504659
-0.5566055396
-0.5540553793
-0.5515000092
-0.5489394533
-0.5463737355
-0.5438028801
-0.5412269112
-0.538645853
-0.5360597299
-0.533468566
-0.5308723859
-0.5282712138
-0.5256650744
-0.523053992
-0.5204379912
-0.5178170966
-0.5151913329
-0.5125607248
-0.5099252969
-0.5072850741
-0.5046400812
-0.5019903431
-0.4993358847
-0.4966767309
-0.4940129068
-0.4913444373
-0.4886713477
-0.485993663
-0.4833114084
-0.4806246091
-0.4779332904
-0.4752374776
-0.4725371961
-0.4698324712
-0.4671233284
-0.4644097931
-0.4616918909
-0.4589696473
-0.456243088
-0.4535122384
-0.4507771245
-0.4480377717
-0.445294206
-0.4425464531
-0.4397945389
-0.4370384892
-0.4342783299
-0.431514087
-0.4287457865
-0.4259734544
-0.4231971168
-0.4204167998
-0.4176325296
-0.4148443322
-0.412052234
-0.4092562612
-0.4064564401
-0.403652797
-0.4008453582
-0.3980341503
-0.3952191995
-0.3924005324
-0.3895781755
-0.3867521553
-0.3839224985
-0.3810892315
-0.378252381
-0.3754119738
-0.3725680365
-0.3697205959
-0.3668696787
-0.3640153118
-0.3611575219
-0.358296336
-0.355431781
-0.3525638838
-0.3496926714
-0.3468181708
-0.3439404089
-0.3410594129
-0.3381752099
-0.3352878269
-0.3323972912
-0.3295036298
-0.3266068701
-0.3237070392
-0.3208041645
-0.3178982731
-0.3149893925
-0.31207755
-0.309162773
-0.3062450888
-0.303324525
-0.3004011089
-0.2974748681
-0.2945458301
-0.2916140225
-0.2886794727
-0.2857422084
-0.2828022572
-0.2798596468
-0.2769144048
-0.2739665589
-0.2710161369
-0.2680631664
-0.2651076753
-0.2621496914
-0.2591892423
-0.2562263561
-0.2532610606
-0.2502933835
-0.2473233529
-0.2443509967
-0.2413763428
-0.2383994192
-0.2354202539
-0.2324388749
-0.2294553102
-0.2264695879
-0.223481736
-0.2204917828
-0.2174997561
-0.2145056843
-0.2115095955
-0.2085115178
-0.2055114794
-0.2025095085
-0.1995056335
-0.1964998824
-0.1934922836
-0.1904828653
-0.1874716559
-0.1844586837
-0.181443977
-0.1784275641
-0.1754094734
-0.1723897333
-0.1693683722
-0.1663454185
-0.1633209006
-0.160294847
-0.1572672861
-0.1542382464
-0.1512077564
-0.1481758445
-0.1451425393
-0.1421078692
-0.1390718629
-0.1360345489
-0.1329959558
-0.129956112
-0.1269150463
-0.1238727871
-0.1208293632
-0.117784803
-0.1147391353
-0.1116923887
-0.1086445918
-0.1055957733
-0.1025459619
-0.09949518624
-0.09644347498
-0.09339085685
-0.09033736055
-0.08728301479
-0.08422784828
-0.08117188977
-0.07811516798
-0.07505771166
-0.07199954956
-0.06894071043
-0.06588122304
-0.06282111615
-0.05976041855
-0.056699159
-0.0536373663
-0.05057506924
-0.04751229662
-0.04444907722
-0.04138543986
-0.03832141335
-0.03525702649
-0.03219230811
-0.02912728701
-0.02606199203
-0.02299645197
-0.01993069568
-0.01686475198
-0.01379864969
-0.01073241765
-0.007666084694
-0.004599679651
-0.001533231356
0.001533231356
0.004599679651
0.007666084694
0.01073241765
0.01379864969
0.01686475198
0.01993069568
0.02299645197
0.02606199203
0.02912728701
0.03219230811
0.03525702649
0.03832141335
0.04138543986
0.04444907722
0.04751229662
0.05057506924
0.0536373663
0.056699159
0.05976041855
0.06282111615
0.06588122304
0.06894071043
0.07199954956
0.07505771166
0.07811516798
0.08117188977
0.08422784828
0.08728301479
0.09033736055
0.09339085685
0.09644347498
0.09949518624
0.1025459619
0.1055957733
0.1086445918
0.1116923887
0.1147391353
0.117784803
0.1208293632
0.1238727871
0.1269150463
0.129956112
0.1329959558
0.1360345489
0.1390718629
0.1421078692
0.1451425393
0.1481758445
0.1512077564
0.1542382464
0.1572672861
0.160294847
0.1633209006
0.1663454185
0.1693683722
0.1723897333
0.1754094734
0.1784275641
0.181443977
0.1844586837
0.1874716559
0.1904828653
0.1934922836
0.1964998824
0.1995056335
0.2025095085
0.2055114794
0.2085115178
0.2115095955
0.2145056843
0.2174997561
0.2204917828
0.223481736
0.2264695879
0.2294553102
0.2324388749
0.2354202539
0.2383994192
0.2413763428
0.2443509967
0.2473233529
0.2502933835
0.2532610606
0.2562263561
0.2591892423
0.2621496914
0.2651076753
0.2680631664
0.2710161369
0.2739665589
0.2769144048
0.2798596468
0.2828022572
0.2857422084
0.2886794727
0.2916140225
0.2945458301
0.2974748681
0.3004011089
0.303324525
0.3062450888
0.309162773
0.31207755
0.3149893925
0.3178982731
0.3208041645
0.3237070392
0.3266068701
0.3295036298
0.3323972912
0.3352878269
0.3381752099
0.3410594129
0.3439404089
0.3468181708
0.3496926714
0.3525638838
0.355431781
0.358296336
0.3611575219
0.3640153118
0.3668696787
0.3697205959
0.3725680365
0.3754119738
0.378252381
0.3810892315
0.3839224985
0.3867521553
0.3895781755
0.3924005324
0.3952191995
0.3980341503
0.4008453582
0.403652797
0.4064564401
0.4092562612
0.412052234
0.4148443322
0.4176325296
0.4204167998
0.4231971168
0.4259734544
0.4287457865
0.431514087
0.4342783299
0.4370384892
0.4397945389
0.4425464531
0.445294206
0.4480377717
0.4507771245
0.4535122384
0.456243088
0.4589696473
0.4616918909
0.4644097931
0.4671233284
0.4698324712
0.4725371961
0.4752374776
0.4779332904
0.4806246091
0.4833114084
0.485993663
0.4886713477
0.4913444373
0.4940129068
0.4966767309
0.4993358847
0.5019903431
0.5046400812
0.5072850741
0.5099252969
0.5125607248
0.5151913329
0.5178170966
0.5204379912
0.523053992
0.5256650744
0.5282712138
0.5308723859
0.533468566
0.5360597299
0.538645853
0.5412269112
0.5438028801
0.5463737355
0.5489394533
0.5515000092
0.5540553793
0.5566055396
0.5591504659
0.5616901345
0.5642245213
0.5667536027
0.5692773547
0.5717957538
0.5743087761
0.5768163981
0.5793185961
0.5818153468
0.5843066265
0.5867924118
0.5892726794
0.591747406
0.5942165683
0.596680143
0.599138107
0.6015904372
0.6040371106
0.606478104
0.6089133947
0.6113429596
0.6137667759
0.6161848208
0.6185970717
0.6210035057
0.6234041004
0.625798833
0.6281876811
0.6305706223
0.6329476341
0.6353186942
0.6376837802
0.6400428699
0.6423959413
0.644742972
0.6470839401
0.6494188235
0.6517476004
0.6540702487
0.6563867467
0.6586970725
0.6610012045
0.6632991209
0.6655908002
0.6678762209
0.6701553613
0.6724282002
0.6746947161
0.6769548877
0.6792086938
0.6814561131
0.6836971246
0.6859317071
0.6881598397
0.6903815014
0.6925966713
0.6948053285
0.6970074524
0.6992030222
0.7013920172
0.7035744169
0.7057502008
0.7079193483
0.7100818392
0.712237653
0.7143867695
0.7165291685
0.7186648298
0.7207937333
0.7229158591
0.7250311872
0.7271396977
0.7292413707
0.7313361866
0.7334241255
0.7355051679
0.7375792943
0.739646485
0.7417067206
0.7437599819
0.7458062494
0.747845504
0.7498777264
0.7519028976
0.7539209985
0.7559320101
0.7579359136
0.75993269
0.7619223207
0.7639047868
0.7658800698
0.7678481511
0.7698090121
0.7717626345
0.7737089998
0.7756480898
0.7775798863
0.779504371
0.7814215258
0.7833313328
0.785233774
0.7871288315
0.7890164874
0.7908967241
0.7927695238
0.794634869
0.796492742
0.7983431255
0.800186002
0.8020213542
0.8038491648
0.8056694167
0.8074820927
0.8092871758
0.811084649
0.8128744954
0.8146566982
0.8164312406
0.818198106
0.8199572777
0.8217087391
0.8234524739
0.8251884656
0.8269166979
0.8286371545
0.8303498193
0.8320546761
0.833751709
0.835440902
0.8371222391
0.8387957046
0.8404612827
0.8421189578
0.8437687144
0.8454105367
0.8470444096
0.8486703175
0.8502882452
0.8518981774
0.8535000991
0.8550939952
0.8566798506
0.8582576506
0.8598273801
0.8613890246
0.8629425692
0.8644879994
0.8660253006
0.8675544585
0.8690754586
0.8705882865
0.8720929282
0.8735893694
0.8750775961
0.8765575942
0.87802935
0.8794928494
0.8809480788
0.8823950244
0.8838336727
0.8852640102
0.8866860233
0.8880996988
0.8895050233
0.8909019836
0.8922905666
0.8936707592
0.8950425484
0.8964059214
0.8977608653
0.8991073673
0.9004454149
0.9017749954
0.9030960964
0.9044087054
0.90571281
0.907008398
0.9082954573
0.9095739757
0.9108439412
0.9121053418
0.9133581657
0.9146024012
0.9158380364
0.9170650599
0.91828346
0.9194932253
0.9206943444
0.9218868061
0.9230705991
0.9242457123
0.9254121346
0.9265698551
0.9277188628
0.9288591471
0.9299906971
0.9311135022
0.9322275518
0.9333328356
0.934429343
0.9355170638
0.9365959878
0.9376661048
0.9387274047
0.9397798776
0.9408235135
0.9418583027
0.9428842354
0.943901302
0.9449094929
0.9459087986
0.9468992098
0.9478807171
0.9488533113
0.9498169832
0.9507717238
0.9517175241
0.9526543752
0.9535822684
0.9545011948
0.9554111459
0.956312113
0.9572040877
0.9580870617
0.9589610266
0.9598259742
0.9606818963
0.961528785
0.9623666323
0.9631954302
0.964015171
0.9648258469
0.9656274505
0.966419974
0.9672034101
0.9679777514
0.9687429906
0.9694991206
0.9702461341
0.9709840243
0.971712784
0.9724324066
0.9731428852
0.9738442132
0.9745363839
0.9752193908
0.9758932276
0.9765578879
0.9772133653
0.9778596539
0.9784967475
0.97912464
0.9797433257
0.9803527986
0.9809530531
0.9815440835
0.9821258842
0.9826984499
0.983261775
0.9838158543
0.9843606826
0.9848962548
0.9854225657
0.9859396106
0.9864473845
0.9869458826
0.9874351003
0.987915033
0.988385676
0.9888470251
0.9892990759
0.9897418241
0.9901752656
0.9905993962
0.9910142121
0.9914197092
0.9918158839
0.9922027323
0.9925802508
0.9929484359
0.9933072841
0.993656792
0.9939969564
0.9943277741
0.9946492419
0.9949613568
0.9952641159
0.9955575163
0.9958415553
0.9961162302
0.9963815385
0.9966374775
0.996884045
0.9971212386
0.9973490561
0.9975674953
0.9977765541
0.9979762307
0.9981665231
0.9983474296
0.9985189484
0.998681078
0.9988338167
0.9989771632
0.9991111162
0.9992356743
0.9993508364
0.9994566014
0.9995529683
0.9996399363
0.9997175044
0.999785672
0.9998444385
0.9998938032
0.9999337659
0.9999643262
0.9999854844
0.9999972451
