-0.9993050417
-0.9963401168
-0.9910133715
-0.9833362539
-0.9733268278
-0.9610087997
-0.9464113749
-0.9295691721
-0.9105221371
-0.889315446
-0.8659993982
-0.8406292963
-0.8132653151
-0.7839723589
-0.7528199073
-0.7198818502
-0.6852363131
-0.6489654713
-0.6111553552
-0.5718956462
-0.531279464
-0.4894031457
-0.4463660173
-0.402270158
-0.3572201583
-0.311322872
-0.2646871622
-0.2174236437
-0.1696444204
-0.1214628193
-0.07299312179
-0.02435029266
0.02435029266
0.07299312179
0.1214628193
0.1696444204
0.2174236437
0.2646871622
0.311322872
0.3572201583
0.402270158
0.4463660173
0.4894031457
0.531279464
0.5718956462
0.6111553552
0.6489654713
0.6852363131
0.7198818502
0.7528199073
0.7839723589
0.8132653151
0.8406292963
0.8659993982
0.889315446
0.9105221371
0.9295691721
0.9464113749
0.9610087997
0.9733268278
0.9833362539
0.9910133715
0.9963401168
0.9993050417
