-0.99995605
-0.9997684374
-0.9994309375
-0.9989435258
-0.9983062665
-0.9975192528
-0.996582602
-0.9954964545
-0.9942609729
-0.9928763426
-0.9913427712
-0.9896604887
-0.9878297476
-0.9858508223
-0.9837240098
-0.981449629
-0.9790280213
-0.9764595497
-0.9737445997
-0.9708835785
-0.9678769152
-0.964725061
-0.9614284885
-0.9579876924
-0.9544031888
-0.9506755153
-0.9468052312
-0.9427929171
-0.9386391748
-0.9343446275
-0.9299099193
-0.9253357156
-0.9206227024
-0.9157715869
-0.9107830966
-0.90565798
-0.9003970058
-0.8950009632
-0.8894706618
-0.883806931
-0.8780106206
-0.8720826
-0.8660237585
-0.8598350049
-0.8535172677
-0.8470714945
-0.8404986523
-0.8337997272
-0.8269757239
-0.8200276661
-0.8129565962
-0.8057635748
-0.798449681
-0.791016012
-0.7834636828
-0.7757938264
-0.7680075934
-0.7601061516
-0.7520906866
-0.7439624005
-0.7357225129
-0.7273722596
-0.7189128935
-0.7103456833
-0.7016719143
-0.6928928877
-0.6840099204
-0.6750243449
-0.6659375092
-0.6567507763
-0.6474655244
-0.6380831463
-0.6286050495
-0.6190326558
-0.6093674011
-0.5996107354
-0.5897641222
-0.5798290386
-0.5698069749
-0.5596994347
-0.5495079341
-0.5392340019
-0.5288791793
-0.5184450197
-0.5079330882
-0.4973449619
-0.4866822289
-0.4759464888
-0.4651393521
-0.4542624399
-0.4433173839
-0.432305826
-0.421229418
-0.4100898215
-0.3988887074
-0.3876277562
-0.376308657
-0.3649331078
-0.3535028151
-0.3420194935
-0.3304848657
-0.3189006618
-0.3072686198
-0.2955904845
-0.2838680077
-0.2721029479
-0.26029707
-0.248452145
-0.2365699498
-0.2246522667
-0.2127008836
-0.2007175933
-0.1887041934
-0.176662486
-0.1645942776
-0.1525013783
-0.1403856024
-0.1282487673
-0.1160926936
-0.1039192048
-0.09173012716
-0.0795272891
-0.06731252117
-0.05508765569
-0.04285452654
-0.03061496878
-0.01837081848
-0.006123912375
0.006123912375
0.01837081848
0.03061496878
0.04285452654
0.05508765569
0.06731252117
0.0795272891
0.09173012716
0.1039192048
0.1160926936
0.1282487673
0.1403856024
0.1525013783
0.1645942776
0.176662486
0.1887041934
0.2007175933
0.2127008836
0.2246522667
0.2365699498
0.248452145
0.26029707
0.2721029479
0.2838680077
0.2955904845
0.3072686198
0.3189006618
0.3304848657
0.3420194935
0.3535028151
0.3649331078
0.376308657
0.3876277562
0.3988887074
0.4100898215
0.421229418
0.432305826
0.4433173839
0.4542624399
0.4651393521
0.4759464888
0.4866822289
0.4973449619
0.5079330882
0.5184450197
0.5288791793
0.5392340019
0.5495079341
0.5596994347
0.5698069749
0.5798290386
0.5897641222
0.5996107354
0.6093674011
0.6190326558
0.6286050495
0.6380831463
0.6474655244
0.6567507763
0.6659375092
0.6750243449
0.6840099204
0.6928928877
0.7016719143
0.7103456833
0.7189128935
0.7273722596
0.7357225129
0.7439624005
0.7520906866
0.7601061516
0.7680075934
0.7757938264
0.7834636828
0.791016012
0.798449681
0.8057635748
0.8129565962
0.8200276661
0.8269757239
0.8337997272
0.8404986523
0.8470714945
0.8535172677
0.8598350049
0.8660237585
0.8720826
0.8780106206
0.883806931
0.8894706618
0.8950009632
0.9003970058
0.90565798
0.9107830966
0.9157715869
0.9206227024
0.9253357156
0.9299099193
0.9343446275
0.9386391748
0.9427929171
0.9468052312
0.9506755153
0.9544031888
0.9579876924
0.9614284885
0.964725061
0.9678769152
0.9708835785
0.9737445997
0.9764595497
0.9790280213
0.981449629
0.9837240098
0.9858508223
0.9878297476
0.9896604887
0.9913427712
0.9928763426
0.9942609729
0.9954964545
0.996582602
0.9975192528
0.9983062665
0.9989435258
0.9994309375
0.9997684374
0.99995605
